0.549591 9685
0.549591 9684
0.549591 9683
0.549591 9682
0.549591 9681
0.549591 9680
0.549591 9679
0.549591 9678
0.549591 9677
0.549591 9676
0.549591 9675
0.549591 9674
0.549591 9673
0.549591 9672
0.549591 9671
0.549591 9670
0.549591 9669
0.549591 9668
0.549591 9667
0.549591 9666
0.549591 9665
0.549591 9664
0.549591 9663
0.549591 9662
0.549591 9661
0.549591 9660
0.549591 9659
0.549591 9658
0.549591 9657
0.549591 9656
0.549591 9655
0.549591 9654
0.549591 9653
0.549591 9652
0.549591 9651
0.549591 9650
0.549591 9649
0.549591 9648
0.549591 9647
0.549591 9646
0.549591 9645
0.549591 9644
0.549591 9643
0.549591 9642
0.549591 9641
0.549591 9640
0.549591 9639
0.549591 9638
0.549591 9637
0.549591 9636
0.549591 9635
0.549591 9634
0.549591 9633
0.549591 9632
0.549591 9631
0.549575 9630
0.549575 9629
0.549575 9628
0.549575 9627
0.549575 9626
0.549575 9625
0.549575 9624
0.549575 9623
0.549575 9622
0.549575 9621
0.549575 9620
0.549575 9619
0.549575 9618
0.549575 9617
0.549575 9616
0.549575 9615
0.549575 9614
0.549575 9613
0.549575 9612
0.549575 9611
0.549575 9610
0.549575 9609
0.549575 9608
0.549575 9607
0.549575 9606
0.549575 9605
0.549575 9604
0.549575 9603
0.549575 9602
0.549575 9601
0.549575 9600
0.549575 9599
0.549575 9598
0.549575 9597
0.549575 9596
0.549575 9595
0.549575 9594
0.549575 9593
0.549575 9592
0.549575 9591
0.549575 9590
0.549575 9589
0.549575 9588
0.549575 9587
0.549575 9586
0.549575 9585
0.549575 9584
0.549575 9583
0.549575 9582
0.549575 9581
0.549575 9580
0.549575 9579
0.549575 9578
0.549575 9577
0.549575 9576
0.549575 9575
0.549575 9574
0.549575 9573
0.549575 9572
0.549575 9571
0.549575 9570
0.549575 9569
0.549575 9568
0.549575 9567
0.549575 9566
0.549575 9565
0.549575 9564
0.549575 9563
0.549575 9562
0.549575 9561
0.549575 9560
0.549575 9559
0.549575 9558
0.549575 9557
0.549575 9556
0.549575 9555
0.549575 9554
0.549575 9553
0.549575 9552
0.549575 9551
0.549575 9550
0.549575 9549
0.549575 9548
0.549575 9547
0.549575 9546
0.549575 9545
0.549575 9544
0.549575 9543
0.549575 9542
0.549575 9541
0.549575 9540
0.549575 9539
0.549575 9538
0.549575 9537
0.549575 9536
0.549575 9535
0.549575 9534
0.549575 9533
0.549575 9532
0.549575 9531
0.549427 9530
0.549427 9529
0.549427 9528
0.549427 9527
0.549427 9526
0.549427 9525
0.549427 9524
0.549427 9523
0.549427 9522
0.549427 9521
0.549427 9520
0.549427 9519
0.549427 9518
0.549427 9517
0.549427 9516
0.549427 9515
0.549427 9514
0.549427 9513
0.549427 9512
0.549427 9511
0.549427 9510
0.549427 9509
0.549427 9508
0.549427 9507
0.549427 9506
0.549427 9505
0.549427 9504
0.549427 9503
0.549427 9502
0.549427 9501
0.549427 9500
0.549427 9499
0.549427 9498
0.549427 9497
0.549427 9496
0.549427 9495
0.549427 9494
0.549427 9493
0.549427 9492
0.549427 9491
0.549427 9490
0.549427 9489
0.549427 9488
0.549427 9487
0.549427 9486
0.549427 9485
0.549427 9484
0.549427 9483
0.549427 9482
0.549427 9481
0.549427 9480
0.549427 9479
0.549427 9478
0.549427 9477
0.549427 9476
0.549427 9475
0.549427 9474
0.549427 9473
0.549427 9472
0.549427 9471
0.549427 9470
0.549427 9469
0.549427 9468
0.549427 9467
0.549427 9466
0.549427 9465
0.549427 9464
0.549427 9463
0.549427 9462
0.549427 9461
0.549427 9460
0.549427 9459
0.549427 9458
0.549427 9457
0.549427 9456
0.549427 9455
0.549427 9454
0.549427 9453
0.549427 9452
0.549427 9451
0.549427 9450
0.549427 9449
0.549427 9448
0.549427 9447
0.549427 9446
0.549427 9445
0.549427 9444
0.549427 9443
0.549427 9442
0.549427 9441
0.549427 9440
0.549427 9439
0.549427 9438
0.549427 9437
0.549427 9436
0.549427 9435
0.549427 9434
0.549427 9433
0.549427 9432
0.549427 9431
0.549427 9430
0.549427 9429
0.549427 9428
0.549427 9427
0.549427 9426
0.549427 9425
0.549427 9424
0.549376 9423
0.549376 9422
0.549376 9421
0.549376 9420
0.549376 9419
0.549376 9418
0.549376 9417
0.549376 9416
0.549376 9415
0.549376 9414
0.549376 9413
0.549376 9412
0.549376 9411
0.549376 9410
0.549376 9409
0.549376 9408
0.549376 9407
0.549376 9406
0.549376 9405
0.549376 9404
0.549376 9403
0.549376 9402
0.549376 9401
0.549376 9400
0.549376 9399
0.549376 9398
0.549376 9397
0.549376 9396
0.549376 9395
0.549376 9394
0.549376 9393
0.549376 9392
0.549376 9391
0.549376 9390
0.549376 9389
0.549376 9388
0.549376 9387
0.549376 9386
0.549376 9385
0.549376 9384
0.549376 9383
0.549376 9382
0.549376 9381
0.549376 9380
0.549376 9379
0.549376 9378
0.549376 9377
0.549376 9376
0.549376 9375
0.549376 9374
0.549376 9373
0.549376 9372
0.549376 9371
0.549376 9370
0.549376 9369
0.549376 9368
0.549376 9367
0.549376 9366
0.549316 9365
0.549316 9364
0.549316 9363
0.549316 9362
0.549316 9361
0.549316 9360
0.549316 9359
0.549316 9358
0.549316 9357
0.549316 9356
0.549316 9355
0.549316 9354
0.549316 9353
0.549316 9352
0.549316 9351
0.549316 9350
0.549316 9349
0.549316 9348
0.549316 9347
0.549316 9346
0.549316 9345
0.549316 9344
0.549316 9343
0.549316 9342
0.549316 9341
0.549316 9340
0.549316 9339
0.549316 9338
0.549316 9337
0.549316 9336
0.549316 9335
0.549316 9334
0.549316 9333
0.549316 9332
0.549316 9331
0.549316 9330
0.549316 9329
0.549316 9328
0.549196 9327
0.549196 9326
0.549196 9325
0.549196 9324
0.549196 9323
0.549196 9322
0.549196 9321
0.549196 9320
0.549196 9319
0.549196 9318
0.549178 9317
0.549178 9316
0.549178 9315
0.549178 9314
0.547754 9314
0.547754 9313
0.547754 9312
0.547754 9311
0.547754 9310
0.547754 9309
0.547754 9308
0.547754 9307
0.547754 9306
0.547754 9305
0.547754 9304
0.547754 9303
0.547754 9302
0.547754 9301
0.547754 9300
0.547754 9299
0.547754 9298
0.547754 9297
0.547754 9296
0.547754 9295
0.547754 9294
0.547754 9293
0.547754 9292
0.547754 9291
0.547754 9290
0.547754 9289
0.547754 9288
0.547754 9287
0.547754 9286
0.547754 9285
0.547754 9284
0.547754 9283
0.547754 9282
0.547754 9281
0.547754 9280
0.547754 9279
0.547754 9278
0.547754 9277
0.547754 9276
0.547754 9275
0.547754 9274
0.547754 9273
0.547754 9272
0.547754 9271
0.547754 9270
0.547754 9269
0.547754 9268
0.547754 9267
0.547754 9266
0.547754 9265
0.547754 9264
0.547754 9263
0.547754 9262
0.547754 9261
0.547754 9260
0.547754 9259
0.547754 9258
0.547754 9257
0.547754 9256
0.547754 9255
0.547754 9254
0.547754 9253
0.547754 9252
0.547754 9251
0.547754 9250
0.547754 9249
0.547754 9248
0.547754 9247
0.547754 9246
0.547754 9245
0.547754 9244
0.547754 9243
0.547754 9242
0.547754 9241
0.547754 9240
0.547754 9239
0.547754 9238
0.547754 9237
0.547754 9236
0.547754 9235
0.547754 9234
0.547754 9233
0.547754 9232
0.547754 9231
0.547754 9230
0.547754 9229
0.547754 9228
0.547754 9227
0.547754 9226
0.547754 9225
0.547754 9224
0.547754 9223
0.547754 9222
0.547754 9221
0.547754 9220
0.547754 9219
0.547754 9218
0.547754 9217
0.547754 9216
0.547754 9215
0.547754 9214
0.547754 9213
0.547754 9212
0.547754 9211
0.547754 9210
0.547754 9209
0.547754 9208
0.547754 9207
0.547754 9206
0.547754 9205
0.547754 9204
0.547754 9203
0.547754 9202
0.547754 9201
0.547754 9200
0.547754 9199
0.547754 9198
0.547754 9197
0.547754 9196
0.547754 9195
0.547754 9194
0.547754 9193
0.547754 9192
0.547754 9191
0.547754 9190
0.547754 9189
0.547754 9188
0.547754 9187
0.547754 9186
0.547754 9185
0.547754 9184
0.547754 9183
0.547754 9182
0.547754 9181
0.547754 9180
0.547754 9179
0.547754 9178
0.547754 9177
0.547754 9176
0.547754 9175
0.547754 9174
0.547754 9173
0.547754 9172
0.547754 9171
0.547754 9170
0.547754 9169
0.547754 9168
0.547754 9167
0.547754 9166
0.547754 9165
0.547754 9164
0.547754 9163
0.547754 9162
0.547754 9161
0.547754 9160
0.547754 9159
0.547754 9158
0.547754 9157
0.547754 9156
0.547754 9155
0.547754 9154
0.547754 9153
0.547754 9152
0.547754 9151
0.547754 9150
0.547754 9149
0.547754 9148
0.547754 9147
0.547754 9146
0.547754 9145
0.547754 9144
0.547754 9143
0.547754 9142
0.547754 9141
0.547754 9140
0.547556 9139
0.547556 9138
0.547556 9137
0.547556 9136
0.547556 9135
0.547556 9134
0.547556 9133
0.547556 9132
0.547556 9131
0.547556 9130
0.547556 9129
0.547556 9128
0.547556 9127
0.547556 9126
0.547556 9125
0.547556 9124
0.547556 9123
0.547556 9122
0.547556 9121
0.547556 9120
0.547556 9119
0.547556 9118
0.547556 9117
0.547556 9116
0.547556 9115
0.547556 9114
0.547556 9113
0.547556 9112
0.547556 9111
0.547556 9110
0.547556 9109
0.547556 9108
0.547556 9107
0.547556 9106
0.547556 9105
0.547556 9104
0.547556 9103
0.547556 9102
0.547556 9101
0.547556 9100
0.547556 9099
0.547556 9098
0.547556 9097
0.547556 9096
0.547556 9095
0.547556 9094
0.547556 9093
0.547556 9092
0.547556 9091
0.547556 9090
0.547556 9089
0.547556 9088
0.547556 9087
0.547556 9086
0.547556 9085
0.547556 9084
0.547556 9083
0.547556 9082
0.547556 9081
0.547556 9080
0.547556 9079
0.547556 9078
0.547556 9077
0.547556 9076
0.547556 9075
0.547556 9074
0.547556 9073
0.547556 9072
0.547556 9071
0.547556 9070
0.547556 9069
0.547556 9068
0.547556 9067
0.547556 9066
0.547556 9065
0.547556 9064
0.547556 9063
0.547556 9062
0.547556 9061
0.547556 9060
0.547556 9059
0.547556 9058
0.547537 9057
0.547537 9056
0.547537 9055
0.547537 9054
0.547537 9053
0.547537 9052
0.547537 9051
0.547537 9050
0.547537 9049
0.547537 9048
0.547537 9047
0.547537 9046
0.547537 9045
0.547537 9044
0.547537 9043
0.547537 9042
0.547537 9041
0.547537 9040
0.547537 9039
0.547537 9038
0.547537 9037
0.547537 9036
0.547537 9035
0.547537 9034
0.547537 9033
0.547537 9032
0.547537 9031
0.547537 9030
0.547537 9029
0.547537 9028
0.547467 9027
0.547467 9026
0.547467 9025
0.547467 9024
0.547467 9023
0.547467 9022
0.547467 9021
0.547467 9020
0.547467 9019
0.547467 9018
0.547467 9017
0.547467 9016
0.547467 9015
0.547467 9014
0.547467 9013
0.547467 9012
0.547467 9011
0.547467 9010
0.547467 9009
0.547467 9008
0.547467 9007
0.547467 9006
0.547467 9005
0.547467 9004
0.547467 9003
0.547467 9002
0.547467 9001
0.547467 9000
0.547467 8999
0.547467 8998
0.547467 8997
0.547467 8996
0.547467 8995
0.547467 8994
0.547467 8993
0.547467 8992
0.547467 8991
0.547467 8990
0.547467 8989
0.547467 8988
0.547467 8987
0.547467 8986
0.547467 8985
0.547467 8984
0.547467 8983
0.547467 8982
0.547467 8981
0.547467 8980
0.547467 8979
0.547467 8978
0.547467 8977
0.547467 8976
0.547467 8975
0.547467 8974
0.547467 8973
0.547467 8972
0.547467 8971
0.547467 8970
0.547467 8969
0.547467 8968
0.547467 8967
0.547467 8966
0.547467 8965
0.547467 8964
0.547467 8963
0.547467 8962
0.547467 8961
0.547467 8960
0.54744 8959
0.54744 8958
0.54744 8957
0.54744 8956
0.54744 8955
0.54744 8954
0.54744 8953
0.54744 8952
0.54744 8951
0.54744 8950
0.54744 8949
0.54744 8948
0.54744 8947
0.54744 8946
0.54744 8945
0.54744 8944
0.54744 8943
0.54744 8942
0.54744 8941
0.54744 8940
0.54744 8939
0.54744 8938
0.547304 8937
0.547304 8936
0.547304 8935
0.547304 8934
0.547304 8933
0.547304 8932
0.547304 8931
0.547304 8930
0.547304 8929
0.547304 8928
0.547304 8927
0.546829 8926
0.546799 8925
0.546799 8924
0.546799 8923
0.546799 8922
0.546799 8921
0.546799 8920
0.546799 8919
0.546799 8918
0.546799 8917
0.546799 8916
0.546799 8915
0.546799 8914
0.546799 8913
0.546799 8912
0.546799 8911
0.546799 8910
0.546799 8909
0.546799 8908
0.546799 8907
0.546799 8906
0.546799 8905
0.546799 8904
0.546799 8903
0.546799 8902
0.546799 8901
0.546799 8900
0.546799 8899
0.546799 8898
0.546799 8897
0.546799 8896
0.546799 8895
0.546799 8894
0.546799 8893
0.546799 8892
0.546799 8891
0.546799 8890
0.546799 8889
0.546799 8888
0.546799 8887
0.546799 8886
0.546799 8885
0.546799 8884
0.546799 8883
0.546799 8882
0.546799 8881
0.546799 8880
0.546799 8879
0.546799 8878
0.546799 8877
0.546799 8876
0.546799 8875
0.546799 8874
0.546799 8873
0.546799 8872
0.546799 8871
0.546799 8870
0.546799 8869
0.546799 8868
0.546799 8867
0.546799 8866
0.546799 8865
0.546799 8864
0.546745 8863
0.546745 8862
0.546745 8861
0.546745 8860
0.546745 8859
0.546745 8858
0.546745 8857
0.546745 8856
0.546745 8855
0.546745 8854
0.546745 8853
0.546745 8852
0.546745 8851
0.546745 8850
0.546745 8849
0.546745 8848
0.546745 8847
0.546745 8846
0.546745 8845
0.546715 8844
0.546715 8843
0.546715 8842
0.546715 8841
0.546715 8840
0.546715 8839
0.546715 8838
0.546715 8837
0.546715 8836
0.546715 8835
0.546715 8834
0.546715 8833
0.546715 8832
0.546715 8831
0.546715 8830
0.546715 8829
0.546715 8828
0.546715 8827
0.546715 8826
0.546715 8825
0.546715 8824
0.546715 8823
0.546715 8822
0.546715 8821
0.546715 8820
0.546715 8819
0.546715 8818
0.546715 8817
0.546715 8816
0.546715 8815
0.546715 8814
0.546715 8813
0.546715 8812
0.546715 8811
0.546715 8810
0.546715 8809
0.546715 8808
0.546715 8807
0.546715 8806
0.546715 8805
0.546715 8804
0.546715 8803
0.546715 8802
0.546715 8801
0.546715 8800
0.546715 8799
0.546715 8798
0.546715 8797
0.546715 8796
0.546715 8795
0.546715 8794
0.546715 8793
0.546715 8792
0.546715 8791
0.546715 8790
0.546715 8789
0.546715 8788
0.546715 8787
0.546715 8786
0.546715 8785
0.546715 8784
0.546715 8783
0.546715 8782
0.546715 8781
0.546715 8780
0.546715 8779
0.546715 8778
0.546715 8777
0.546715 8776
0.546715 8775
0.546715 8774
0.546715 8773
0.546715 8772
0.546715 8771
0.546715 8770
0.546715 8769
0.546715 8768
0.546715 8767
0.546715 8766
0.546715 8765
0.546715 8764
0.546715 8763
0.546715 8762
0.546715 8761
0.546715 8760
0.546715 8759
0.546715 8758
0.546715 8757
0.546715 8756
0.546715 8755
0.546715 8754
0.546715 8753
0.546715 8752
0.546715 8751
0.546715 8750
0.546715 8749
0.546715 8748
0.546715 8747
0.546715 8746
0.546715 8745
0.546715 8744
0.546715 8743
0.546715 8742
0.546715 8741
0.546715 8740
0.546715 8739
0.546715 8738
0.546715 8737
0.546715 8736
0.546673 8735
0.546673 8734
0.546673 8733
0.546673 8732
0.546673 8731
0.546673 8730
0.546673 8729
0.546673 8728
0.546673 8727
0.546673 8726
0.546673 8725
0.546673 8724
0.546673 8723
0.546673 8722
0.546673 8721
0.546673 8720
0.546673 8719
0.546673 8718
0.546673 8717
0.546673 8716
0.546673 8715
0.546673 8714
0.546673 8713
0.546563 8713
0.546563 8712
0.546563 8711
0.546563 8710
0.546563 8709
0.546563 8708
0.546563 8707
0.546563 8706
0.546496 8706
0.546496 8705
0.546496 8704
0.546496 8703
0.546496 8702
0.546496 8701
0.546496 8700
0.546496 8699
0.546496 8698
0.546496 8697
0.546496 8696
0.546496 8695
0.546496 8694
0.546496 8693
0.546496 8692
0.546496 8691
0.546496 8690
0.546496 8689
0.546496 8688
0.546496 8687
0.546496 8686
0.546496 8685
0.546496 8684
0.546496 8683
0.546496 8682
0.546496 8681
0.546496 8680
0.546496 8679
0.546496 8678
0.546496 8677
0.546496 8676
0.546496 8675
0.546496 8674
0.546285 8673
0.546285 8672
0.546285 8671
0.546285 8670
0.546285 8669
0.546285 8668
0.546285 8667
0.546285 8666
0.546285 8665
0.546285 8664
0.546285 8663
0.546285 8662
0.546285 8661
0.546285 8660
0.546285 8659
0.546285 8658
0.546285 8657
0.546285 8656
0.546285 8655
0.546285 8654
0.546285 8653
0.546285 8652
0.546285 8651
0.546285 8650
0.546285 8649
0.546285 8648
0.546285 8647
0.546285 8646
0.546285 8645
0.546285 8644
0.546285 8643
0.546285 8642
0.546285 8641
0.546285 8640
0.546285 8639
0.546285 8638
0.546285 8637
0.546285 8636
0.546285 8635
0.546285 8634
0.546285 8633
0.546285 8632
0.546285 8631
0.546285 8630
0.546285 8629
0.546285 8628
0.546285 8627
0.546285 8626
0.546285 8625
0.546285 8624
0.546285 8623
0.546285 8622
0.546182 8621
0.546182 8620
0.546182 8619
0.546182 8618
0.546182 8617
0.546182 8616
0.546182 8615
0.546182 8614
0.546182 8613
0.546182 8612
0.546182 8611
0.546182 8610
0.546182 8609
0.546182 8608
0.546182 8607
0.546182 8606
0.546182 8605
0.546182 8604
0.546182 8603
0.546182 8602
0.546182 8601
0.546182 8600
0.546182 8599
0.545912 8598
0.545912 8597
0.545912 8596
0.545912 8595
0.545912 8594
0.545912 8593
0.545912 8592
0.545912 8591
0.545912 8590
0.545912 8589
0.545912 8588
0.545912 8587
0.545912 8586
0.545912 8585
0.545912 8584
0.545912 8583
0.545912 8582
0.545912 8581
0.545912 8580
0.545912 8579
0.545912 8578
0.545912 8577
0.545912 8576
0.545912 8575
0.545912 8574
0.545912 8573
0.545912 8572
0.545912 8571
0.545912 8570
0.545912 8569
0.545912 8568
0.545912 8567
0.545912 8566
0.545912 8565
0.545912 8564
0.545912 8563
0.545912 8562
0.545912 8561
0.545912 8560
0.545912 8559
0.545912 8558
0.545912 8557
0.545912 8556
0.545912 8555
0.545912 8554
0.545912 8553
0.545912 8552
0.545912 8551
0.545912 8550
0.545912 8549
0.545912 8548
0.545912 8547
0.545912 8546
0.545912 8545
0.545912 8544
0.545912 8543
0.545912 8542
0.545912 8541
0.545912 8540
0.545912 8539
0.545912 8538
0.545912 8537
0.545912 8536
0.545912 8535
0.545912 8534
0.545912 8533
0.545912 8532
0.545912 8531
0.545912 8530
0.545912 8529
0.545912 8528
0.545912 8527
0.545912 8526
0.545912 8525
0.545912 8524
0.545912 8523
0.545912 8522
0.545912 8521
0.545912 8520
0.545912 8519
0.545912 8518
0.545912 8517
0.545912 8516
0.545912 8515
0.545912 8514
0.545912 8513
0.545912 8512
0.545912 8511
0.545912 8510
0.545912 8509
0.545912 8508
0.545912 8507
0.545912 8506
0.545912 8505
0.545912 8504
0.545912 8503
0.545912 8502
0.545912 8501
0.545912 8500
0.545912 8499
0.545912 8498
0.545912 8497
0.545912 8496
0.545912 8495
0.545912 8494
0.545912 8493
0.545912 8492
0.545912 8491
0.545912 8490
0.545912 8489
0.545912 8488
0.545912 8487
0.545912 8486
0.545912 8485
0.545912 8484
0.54584 8483
0.54584 8482
0.54584 8481
0.54584 8480
0.54584 8479
0.54584 8478
0.54584 8477
0.54584 8476
0.54584 8475
0.54584 8474
0.54584 8473
0.54584 8472
0.54584 8471
0.54584 8470
0.54584 8469
0.54584 8468
0.54584 8467
0.54584 8466
0.54584 8465
0.54584 8464
0.54584 8463
0.54584 8462
0.54584 8461
0.54584 8460
0.54584 8459
0.54584 8458
0.54584 8457
0.54584 8456
0.54584 8455
0.54584 8454
0.54584 8453
0.54584 8452
0.54584 8451
0.54584 8450
0.54584 8449
0.54584 8448
0.54584 8447
0.54584 8446
0.54584 8445
0.54584 8444
0.54584 8443
0.54584 8442
0.54584 8441
0.54584 8440
0.54584 8439
0.54584 8438
0.54584 8437
0.54584 8436
0.54584 8435
0.54584 8434
0.54584 8433
0.54584 8432
0.54584 8431
0.54584 8430
0.54584 8429
0.54584 8428
0.54584 8427
0.54584 8426
0.54584 8425
0.54584 8424
0.54584 8423
0.54584 8422
0.54584 8421
0.54584 8420
0.54584 8419
0.54584 8418
0.54584 8417
0.54584 8416
0.54584 8415
0.54584 8414
0.54584 8413
0.54584 8412
0.54584 8411
0.54584 8410
0.54584 8409
0.54584 8408
0.54584 8407
0.54584 8406
0.54584 8405
0.54584 8404
0.54584 8403
0.54584 8402
0.54584 8401
0.54584 8400
0.54584 8399
0.54584 8398
0.54584 8397
0.54584 8396
0.54584 8395
0.54584 8394
0.54584 8393
0.54584 8392
0.54584 8391
0.54584 8390
0.54584 8389
0.54584 8388
0.54584 8387
0.54584 8386
0.54584 8385
0.54584 8384
0.54584 8383
0.54584 8382
0.54584 8381
0.54584 8380
0.54584 8379
0.54584 8378
0.54584 8377
0.54584 8376
0.54584 8375
0.54584 8374
0.54584 8373
0.54584 8372
0.54584 8371
0.54584 8370
0.54584 8369
0.54584 8368
0.54584 8367
0.54584 8366
0.54584 8365
0.54584 8364
0.54584 8363
0.54584 8362
0.54584 8361
0.54584 8360
0.54584 8359
0.54584 8358
0.54584 8357
0.54584 8356
0.54584 8355
0.54584 8354
0.54584 8353
0.54584 8352
0.54584 8351
0.54584 8350
0.54584 8349
0.54584 8348
0.54584 8347
0.54584 8346
0.54584 8345
0.54584 8344
0.54584 8343
0.54584 8342
0.54584 8341
0.54584 8340
0.54584 8339
0.54584 8338
0.54584 8337
0.54584 8336
0.54584 8335
0.54584 8334
0.54584 8333
0.54584 8332
0.54584 8331
0.54584 8330
0.54584 8329
0.54584 8328
0.54584 8327
0.54584 8326
0.54584 8325
0.54584 8324
0.54584 8323
0.54584 8322
0.54584 8321
0.54584 8320
0.54584 8319
0.54584 8318
0.54584 8317
0.54584 8316
0.54584 8315
0.54584 8314
0.54584 8313
0.54584 8312
0.54584 8311
0.54584 8310
0.54584 8309
0.54584 8308
0.54584 8307
0.54581 8306
0.54581 8305
0.54581 8304
0.54581 8303
0.54581 8302
0.54581 8301
0.54581 8300
0.54581 8299
0.54581 8298
0.54581 8297
0.54581 8296
0.54581 8295
0.54581 8294
0.54581 8293
0.54581 8292
0.54581 8291
0.54581 8290
0.54581 8289
0.54581 8288
0.54581 8287
0.54581 8286
0.54581 8285
0.54581 8284
0.54581 8283
0.54581 8282
0.54581 8281
0.54581 8280
0.54581 8279
0.54581 8278
0.54581 8277
0.54581 8276
0.54581 8275
0.54581 8274
0.54581 8273
0.54581 8272
0.54581 8271
0.54581 8270
0.54581 8269
0.54581 8268
0.54581 8267
0.54581 8266
0.54581 8265
0.54581 8264
0.545585 8263
0.545585 8262
0.545585 8261
0.545585 8260
0.545585 8259
0.545585 8258
0.545585 8257
0.545585 8256
0.545585 8255
0.545585 8254
0.545585 8253
0.545585 8252
0.545585 8251
0.545585 8250
0.545585 8249
0.545585 8248
0.545585 8247
0.545585 8246
0.545585 8245
0.545585 8244
0.545585 8243
0.545585 8242
0.545585 8241
0.545585 8240
0.545585 8239
0.545585 8238
0.545585 8237
0.545585 8236
0.545585 8235
0.545585 8234
0.545585 8233
0.545585 8232
0.545585 8231
0.545585 8230
0.545585 8229
0.545585 8228
0.545585 8227
0.545585 8226
0.545585 8225
0.545585 8224
0.545585 8223
0.545585 8222
0.54548 8221
0.54548 8220
0.54548 8219
0.54548 8218
0.54548 8217
0.54548 8216
0.54548 8215
0.54548 8214
0.54548 8213
0.54548 8212
0.54548 8211
0.54548 8210
0.54548 8209
0.54548 8208
0.54548 8207
0.54548 8206
0.54548 8205
0.54548 8204
0.54548 8203
0.54548 8202
0.54548 8201
0.54548 8200
0.54548 8199
0.54548 8198
0.54548 8197
0.54548 8196
0.54548 8195
0.54548 8194
0.54548 8193
0.54548 8192
0.54548 8191
0.54548 8190
0.54548 8189
0.54548 8188
0.54548 8187
0.54548 8186
0.54548 8185
0.54548 8184
0.54548 8183
0.54548 8182
0.54548 8181
0.54548 8180
0.54548 8179
0.545476 8178
0.545476 8177
0.545476 8176
0.545476 8175
0.545476 8174
0.545476 8173
0.545476 8172
0.545476 8171
0.545476 8170
0.545476 8169
0.545476 8168
0.545476 8167
0.545476 8166
0.545843 8165
0.545843 8164
0.545843 8163
0.545843 8162
0.545843 8161
0.545843 8160
0.545843 8159
0.545843 8158
0.545843 8157
0.545843 8156
0.545843 8155
0.545843 8154
0.545843 8153
0.545843 8152
0.545843 8151
0.545843 8150
0.545843 8149
0.545843 8148
0.545843 8147
0.545843 8146
0.545843 8145
0.545843 8144
0.545843 8143
0.545843 8142
0.545843 8141
0.545843 8140
0.545843 8139
0.545843 8138
0.545843 8137
0.545843 8136
0.545843 8135
0.545843 8134
0.545843 8133
0.545843 8132
0.545843 8131
0.545843 8130
0.545843 8129
0.545843 8128
0.545843 8127
0.545843 8126
0.545843 8125
0.545843 8124
0.545843 8123
0.545843 8122
0.545843 8121
0.545843 8120
0.545843 8119
0.545843 8118
0.545843 8117
0.545843 8116
0.545843 8115
0.545843 8114
0.545843 8113
0.545843 8112
0.545843 8111
0.545843 8110
0.545843 8109
0.545843 8108
0.545843 8107
0.545843 8106
0.545843 8105
0.545843 8104
0.545843 8103
0.545843 8102
0.545843 8101
0.545843 8100
0.545843 8099
0.545843 8098
0.545843 8097
0.545843 8096
0.545843 8095
0.545843 8094
0.545843 8093
0.545843 8092
0.545843 8091
0.545843 8090
0.545843 8089
0.545843 8088
0.545843 8087
0.545843 8086
0.545843 8085
0.545843 8084
0.545843 8083
0.545843 8082
0.545843 8081
0.545843 8080
0.545843 8079
0.545843 8078
0.545843 8077
0.545843 8076
0.545843 8075
0.545843 8074
0.544349 8074
0.544349 8073
0.544349 8072
0.544349 8071
0.544349 8070
0.544349 8069
0.544349 8068
0.544349 8067
0.544349 8066
0.544349 8065
0.544349 8064
0.544349 8063
0.544349 8062
0.544349 8061
0.544349 8060
0.544349 8059
0.544349 8058
0.544349 8057
0.544349 8056
0.544349 8055
0.544349 8054
0.544349 8053
0.544349 8052
0.544349 8051
0.544349 8050
0.544349 8049
0.544349 8048
0.544349 8047
0.544349 8046
0.544349 8045
0.544349 8044
0.544349 8043
0.544349 8042
0.544349 8041
0.544349 8040
0.544349 8039
0.544349 8038
0.544349 8037
0.544349 8036
0.544349 8035
0.544349 8034
0.544349 8033
0.544349 8032
0.544349 8031
0.544349 8030
0.544302 8029
0.544302 8028
0.544302 8027
0.544302 8026
0.544302 8025
0.544302 8024
0.544302 8023
0.544302 8022
0.544302 8021
0.544302 8020
0.544302 8019
0.544302 8018
0.544302 8017
0.544302 8016
0.544302 8015
0.544302 8014
0.544302 8013
0.544302 8012
0.544302 8011
0.544302 8010
0.544302 8009
0.544302 8008
0.544302 8007
0.544302 8006
0.544302 8005
0.544302 8004
0.544302 8003
0.544302 8002
0.544302 8001
0.544302 8000
0.544302 7999
0.544302 7998
0.544302 7997
0.544302 7996
0.544302 7995
0.544302 7994
0.544302 7993
0.544302 7992
0.544302 7991
0.544302 7990
0.544302 7989
0.544302 7988
0.544302 7987
0.544302 7986
0.544302 7985
0.544302 7984
0.544281 7983
0.544281 7982
0.544281 7981
0.544281 7980
0.544281 7979
0.544281 7978
0.544281 7977
0.544281 7976
0.544281 7975
0.544281 7974
0.544281 7973
0.544281 7972
0.544281 7971
0.544281 7970
0.544281 7969
0.544281 7968
0.544281 7967
0.544281 7966
0.544281 7965
0.544281 7964
0.544281 7963
0.544253 7962
0.544253 7961
0.544253 7960
0.544253 7959
0.544253 7958
0.544253 7957
0.544253 7956
0.544253 7955
0.544253 7954
0.544253 7953
0.544253 7952
0.544253 7951
0.544253 7950
0.544253 7949
0.544253 7948
0.544253 7947
0.544253 7946
0.544253 7945
0.544253 7944
0.544253 7943
0.544253 7942
0.544253 7941
0.544253 7940
0.544253 7939
0.544253 7938
0.544253 7937
0.544253 7936
0.544253 7935
0.544253 7934
0.544253 7933
0.544253 7932
0.544253 7931
0.544253 7930
0.544253 7929
0.544253 7928
0.544253 7927
0.544253 7926
0.544253 7925
0.544253 7924
0.544253 7923
0.544253 7922
0.544253 7921
0.544253 7920
0.544253 7919
0.544253 7918
0.544253 7917
0.544253 7916
0.544253 7915
0.544253 7914
0.544253 7913
0.544253 7912
0.544253 7911
0.544253 7910
0.544253 7909
0.544253 7908
0.544253 7907
0.544253 7906
0.544253 7905
0.544253 7904
0.544253 7903
0.544253 7902
0.544253 7901
0.544253 7900
0.544253 7899
0.544253 7898
0.544253 7897
0.544253 7896
0.544253 7895
0.544253 7894
0.544253 7893
0.544253 7892
0.544253 7891
0.544253 7890
0.544253 7889
0.544253 7888
0.544253 7887
0.544253 7886
0.544253 7885
0.544253 7884
0.544253 7883
0.544253 7882
0.544253 7881
0.544253 7880
0.544253 7879
0.544253 7878
0.544253 7877
0.544253 7876
0.544253 7875
0.544253 7874
0.544253 7873
0.544253 7872
0.544253 7871
0.544253 7870
0.544253 7869
0.544253 7868
0.544253 7867
0.544253 7866
0.544253 7865
0.544253 7864
0.544253 7863
0.544253 7862
0.544253 7861
0.544253 7860
0.544189 7859
0.544189 7858
0.544189 7857
0.544189 7856
0.544189 7855
0.544189 7854
0.544189 7853
0.544189 7852
0.544189 7851
0.544189 7850
0.544189 7849
0.544189 7848
0.544189 7847
0.544189 7846
0.544189 7845
0.544189 7844
0.544189 7843
0.544189 7842
0.544189 7841
0.544189 7840
0.544189 7839
0.544189 7838
0.544189 7837
0.544189 7836
0.544189 7835
0.544189 7834
0.544189 7833
0.544189 7832
0.544189 7831
0.544189 7830
0.544189 7829
0.544189 7828
0.544189 7827
0.544189 7826
0.544189 7825
0.544189 7824
0.544189 7823
0.544189 7822
0.544189 7821
0.544189 7820
0.544189 7819
0.544189 7818
0.544189 7817
0.544189 7816
0.544189 7815
0.544189 7814
0.544083 7813
0.544083 7812
0.544083 7811
0.544083 7810
0.544083 7809
0.544083 7808
0.544083 7807
0.544083 7806
0.544083 7805
0.544083 7804
0.544083 7803
0.544083 7802
0.544083 7801
0.544083 7800
0.544083 7799
0.544083 7798
0.544083 7797
0.544083 7796
0.544083 7795
0.544083 7794
0.544083 7793
0.544083 7792
0.544083 7791
0.544083 7790
0.544083 7789
0.544083 7788
0.544083 7787
0.544083 7786
0.544083 7785
0.544083 7784
0.544083 7783
0.544083 7782
0.544083 7781
0.544083 7780
0.544083 7779
0.544083 7778
0.544083 7777
0.544083 7776
0.544083 7775
0.544083 7774
0.544083 7773
0.544083 7772
0.544083 7771
0.544083 7770
0.544083 7769
0.544083 7768
0.544083 7767
0.544083 7766
0.544083 7765
0.544083 7764
0.544083 7763
0.544083 7762
0.544083 7761
0.544083 7760
0.544083 7759
0.544083 7758
0.544083 7757
0.544083 7756
0.544083 7755
0.544083 7754
0.544083 7753
0.544083 7752
0.544083 7751
0.544083 7750
0.544083 7749
0.544083 7748
0.544083 7747
0.544083 7746
0.544083 7745
0.544083 7744
0.544083 7743
0.544083 7742
0.544083 7741
0.544083 7740
0.544083 7739
0.544083 7738
0.544083 7737
0.544083 7736
0.544083 7735
0.544083 7734
0.544083 7733
0.544083 7732
0.544083 7731
0.544083 7730
0.544083 7729
0.544083 7728
0.544083 7727
0.544083 7726
0.544083 7725
0.544083 7724
0.544083 7723
0.544083 7722
0.544083 7721
0.544083 7720
0.544083 7719
0.544083 7718
0.544083 7717
0.544083 7716
0.544083 7715
0.544083 7714
0.544083 7713
0.544083 7712
0.544083 7711
0.544083 7710
0.544083 7709
0.544083 7708
0.544083 7707
0.544083 7706
0.544083 7705
0.544083 7704
0.544083 7703
0.544083 7702
0.544083 7701
0.544083 7700
0.544083 7699
0.544083 7698
0.544083 7697
0.544083 7696
0.544083 7695
0.544083 7694
0.544058 7693
0.544058 7692
0.544058 7691
0.544058 7690
0.544058 7689
0.544058 7688
0.544058 7687
0.544058 7686
0.544058 7685
0.544058 7684
0.544058 7683
0.544058 7682
0.544058 7681
0.544058 7680
0.544058 7679
0.544058 7678
0.544058 7677
0.544058 7676
0.544058 7675
0.544058 7674
0.544058 7673
0.544058 7672
0.544058 7671
0.544058 7670
0.544058 7669
0.544058 7668
0.544058 7667
0.544058 7666
0.544058 7665
0.544058 7664
0.544058 7663
0.544058 7662
0.544058 7661
0.544058 7660
0.544058 7659
0.544058 7658
0.544058 7657
0.544058 7656
0.544058 7655
0.544058 7654
0.544058 7653
0.544058 7652
0.544058 7651
0.544058 7650
0.544058 7649
0.544058 7648
0.544058 7647
0.544058 7646
0.544058 7645
0.544058 7644
0.544058 7643
0.544058 7642
0.544058 7641
0.544058 7640
0.544058 7639
0.544058 7638
0.544058 7637
0.544058 7636
0.544058 7635
0.544058 7634
0.544058 7633
0.544058 7632
0.544058 7631
0.544058 7630
0.544058 7629
0.544058 7628
0.544058 7627
0.544058 7626
0.544058 7625
0.544058 7624
0.544058 7623
0.544058 7622
0.544058 7621
0.544058 7620
0.544058 7619
0.544058 7618
0.544058 7617
0.544058 7616
0.544058 7615
0.544058 7614
0.544058 7613
0.544058 7612
0.544058 7611
0.544058 7610
0.544058 7609
0.544058 7608
0.544058 7607
0.544058 7606
0.544058 7605
0.544058 7604
0.544058 7603
0.544058 7602
0.544058 7601
0.544058 7600
0.544058 7599
0.544058 7598
0.544058 7597
0.544058 7596
0.544058 7595
0.544058 7594
0.544058 7593
0.544058 7592
0.544058 7591
0.544058 7590
0.544058 7589
0.544058 7588
0.544058 7587
0.544058 7586
0.544058 7585
0.544058 7584
0.544058 7583
0.544058 7582
0.544058 7581
0.544058 7580
0.544058 7579
0.544058 7578
0.544058 7577
0.544058 7576
0.544058 7575
0.544058 7574
0.544058 7573
0.544058 7572
0.544058 7571
0.543941 7570
0.543941 7569
0.543941 7568
0.543941 7567
0.543941 7566
0.543941 7565
0.543941 7564
0.543941 7563
0.543941 7562
0.543941 7561
0.543941 7560
0.543941 7559
0.543941 7558
0.543941 7557
0.543941 7556
0.543941 7555
0.543941 7554
0.543941 7553
0.543941 7552
0.543941 7551
0.543941 7550
0.543941 7549
0.543941 7548
0.543941 7547
0.543941 7546
0.543941 7545
0.543941 7544
0.543941 7543
0.543941 7542
0.543941 7541
0.543941 7540
0.543941 7539
0.543941 7538
0.543941 7537
0.543941 7536
0.543941 7535
0.543941 7534
0.543941 7533
0.543941 7532
0.543941 7531
0.543941 7530
0.543941 7529
0.543941 7528
0.543941 7527
0.543941 7526
0.543941 7525
0.543941 7524
0.543941 7523
0.543941 7522
0.543941 7521
0.543941 7520
0.543941 7519
0.543941 7518
0.543941 7517
0.543941 7516
0.543941 7515
0.543941 7514
0.543941 7513
0.543941 7512
0.543941 7511
0.543941 7510
0.543941 7509
0.543941 7508
0.543941 7507
0.543941 7506
0.543941 7505
0.543941 7504
0.543941 7503
0.543903 7502
0.543903 7501
0.543903 7500
0.543903 7499
0.543903 7498
0.543903 7497
0.543903 7496
0.543903 7495
0.543903 7494
0.543903 7493
0.543903 7492
0.543903 7491
0.543903 7490
0.543903 7489
0.543903 7488
0.543903 7487
0.543812 7486
0.543812 7485
0.543812 7484
0.543812 7483
0.543812 7482
0.543812 7481
0.543812 7480
0.543812 7479
0.543812 7478
0.543812 7477
0.543812 7476
0.543812 7475
0.543812 7474
0.543812 7473
0.543812 7472
0.543812 7471
0.543812 7470
0.543812 7469
0.543812 7468
0.543812 7467
0.543812 7466
0.543498 7465
0.543498 7464
0.543498 7463
0.543498 7462
0.543498 7461
0.543498 7460
0.543498 7459
0.543498 7458
0.543498 7457
0.543498 7456
0.543498 7455
0.543498 7454
0.543498 7453
0.543498 7452
0.543498 7451
0.543498 7450
0.543498 7449
0.543498 7448
0.543498 7447
0.543498 7446
0.543498 7445
0.543498 7444
0.543498 7443
0.543498 7442
0.543498 7441
0.543498 7440
0.543498 7439
0.543498 7438
0.543498 7437
0.543498 7436
0.543498 7435
0.543498 7434
0.543498 7433
0.543498 7432
0.543498 7431
0.543498 7430
0.543498 7429
0.543498 7428
0.543498 7427
0.543498 7426
0.543498 7425
0.543498 7424
0.543498 7423
0.543498 7422
0.543498 7421
0.543498 7420
0.543498 7419
0.543498 7418
0.543498 7417
0.543498 7416
0.543498 7415
0.543498 7414
0.543498 7413
0.543498 7412
0.543498 7411
0.543498 7410
0.543498 7409
0.543498 7408
0.543498 7407
0.543498 7406
0.54343 7405
0.54343 7404
0.54343 7403
0.54343 7402
0.54343 7401
0.54343 7400
0.54343 7399
0.54343 7398
0.54343 7397
0.54343 7396
0.54343 7395
0.54343 7394
0.54343 7393
0.54343 7392
0.54343 7391
0.54343 7390
0.54343 7389
0.54343 7388
0.54343 7387
0.54343 7386
0.54343 7385
0.54343 7384
0.54343 7383
0.54343 7382
0.54343 7381
0.54343 7380
0.54343 7379
0.54343 7378
0.54343 7377
0.54343 7376
0.54343 7375
0.54343 7374
0.54343 7373
0.54343 7372
0.54343 7371
0.54343 7370
0.54343 7369
0.54343 7368
0.54343 7367
0.54343 7366
0.54343 7365
0.54343 7364
0.54343 7363
0.54343 7362
0.54343 7361
0.54343 7360
0.54343 7359
0.54343 7358
0.54343 7357
0.54343 7356
0.54343 7355
0.54343 7354
0.54343 7353
0.54343 7352
0.54343 7351
0.54343 7350
0.54343 7349
0.54343 7348
0.54343 7347
0.54343 7346
0.54343 7345
0.54343 7344
0.54343 7343
0.54343 7342
0.54343 7341
0.543288 7340
0.543288 7339
0.543288 7338
0.543288 7337
0.543288 7336
0.543288 7335
0.543288 7334
0.543288 7333
0.543288 7332
0.543288 7331
0.543288 7330
0.543288 7329
0.543288 7328
0.543288 7327
0.543288 7326
0.543288 7325
0.543288 7324
0.543288 7323
0.543288 7322
0.543288 7321
0.543288 7320
0.543288 7319
0.543288 7318
0.543288 7317
0.543288 7316
0.543288 7315
0.543288 7314
0.543288 7313
0.543288 7312
0.543288 7311
0.543288 7310
0.543288 7309
0.543288 7308
0.543288 7307
0.543288 7306
0.543288 7305
0.543288 7304
0.543288 7303
0.543288 7302
0.543288 7301
0.543288 7300
0.543288 7299
0.543288 7298
0.543288 7297
0.543272 7296
0.543272 7295
0.543272 7294
0.543272 7293
0.543272 7292
0.543272 7291
0.543272 7289
0.543272 7288
0.543137 7287
0.543137 7286
0.543137 7285
0.543137 7284
0.543137 7283
0.543137 7282
0.543137 7281
0.543137 7280
0.543137 7279
0.543137 7278
0.543137 7277
0.543137 7276
0.543137 7275
0.543137 7274
0.543137 7273
0.543137 7272
0.543137 7271
0.543137 7270
0.543137 7269
0.543137 7268
0.543137 7267
0.543137 7266
0.543137 7265
0.543137 7264
0.543137 7263
0.543137 7262
0.543137 7261
0.543137 7260
0.543137 7259
0.543137 7258
0.543137 7257
0.543137 7256
0.543137 7255
0.543137 7254
0.543137 7253
0.543137 7252
0.543137 7251
0.543137 7250
0.543137 7249
0.543137 7248
0.543137 7247
0.543137 7246
0.543137 7245
0.543137 7244
0.543137 7243
0.543137 7242
0.543137 7241
0.543137 7240
0.543137 7239
0.543137 7238
0.543137 7237
0.543137 7236
0.543137 7235
0.543137 7234
0.543137 7233
0.543137 7232
0.543137 7231
0.543137 7230
0.543137 7229
0.543137 7228
0.543137 7227
0.543137 7226
0.543137 7225
0.543137 7224
0.543137 7223
0.543004 7223
0.543004 7222
0.543004 7221
0.543004 7220
0.543004 7219
0.543004 7218
0.543004 7217
0.543004 7216
0.543004 7215
0.543004 7214
0.543004 7213
0.543004 7212
0.543004 7211
0.543004 7210
0.543004 7209
0.543004 7208
0.543004 7207
0.543004 7206
0.543004 7205
0.543004 7204
0.542847 7203
0.542847 7202
0.542847 7201
0.542847 7200
0.542847 7199
0.542847 7198
0.542847 7197
0.542847 7196
0.542847 7195
0.542847 7194
0.542847 7193
0.542847 7192
0.542847 7191
0.542847 7190
0.542847 7189
0.542847 7188
0.542847 7187
0.542847 7186
0.542847 7185
0.542847 7184
0.542847 7183
0.542847 7182
0.542847 7181
0.542847 7180
0.542847 7179
0.542847 7178
0.542847 7177
0.542847 7176
0.542847 7175
0.542847 7174
0.542847 7173
0.542847 7172
0.542847 7171
0.542847 7170
0.542847 7169
0.542847 7168
0.542847 7167
0.542847 7166
0.542847 7165
0.542847 7164
0.542847 7163
0.542847 7162
0.542847 7161
0.542847 7160
0.542847 7159
0.542847 7158
0.542847 7157
0.542847 7156
0.542847 7155
0.542847 7154
0.542847 7153
0.542847 7152
0.542847 7151
0.542847 7150
0.542847 7149
0.542147 7149
0.542147 7148
0.542147 7147
0.542147 7146
0.542147 7145
0.542147 7144
0.542147 7143
0.542147 7142
0.542147 7141
0.542147 7140
0.542147 7139
0.542147 7138
0.542147 7137
0.542147 7136
0.542147 7135
0.542147 7134
0.542147 7133
0.542147 7132
0.54073 7132
0.54073 7131
0.54073 7130
0.54073 7129
0.54073 7128
0.54073 7127
0.54073 7126
0.54073 7125
0.54073 7124
0.54073 7123
0.54073 7122
0.54073 7121
0.54073 7120
0.54073 7119
0.54073 7118
0.54073 7117
0.54073 7116
0.54073 7115
0.54073 7114
0.540142 7113
0.540142 7112
0.540142 7111
0.540142 7110
0.540142 7109
0.540142 7108
0.540142 7107
0.539077 7107
0.539077 7106
0.539077 7105
0.538828 7104
0.538828 7103
0.538828 7102
0.538828 7101
0.538828 7100
0.538828 7099
0.538828 7098
0.538828 7097
0.538828 7096
0.538828 7095
0.538828 7094
0.538828 7093
0.538828 7092
0.538828 7091
0.538828 7090
0.538828 7089
0.538828 7088
0.538828 7087
0.538828 7086
0.538828 7085
0.538828 7084
0.538828 7083
0.538828 7082
0.538828 7081
0.538828 7080
0.538828 7079
0.538828 7078
0.538828 7077
0.538828 7076
0.538828 7075
0.538828 7074
0.538828 7073
0.538828 7072
0.538828 7071
0.538828 7070
0.538828 7069
0.538828 7068
0.538828 7067
0.538828 7066
0.538828 7065
0.538828 7064
0.538828 7063
0.538828 7062
0.538828 7061
0.538828 7060
0.538828 7059
0.538828 7058
0.538828 7057
0.538828 7056
0.538828 7055
0.538828 7054
0.538828 7053
0.538828 7052
0.538828 7051
0.538828 7050
0.538789 7049
0.538789 7048
0.538789 7047
0.538789 7046
0.538789 7045
0.538789 7044
0.538789 7043
0.538789 7042
0.538789 7041
0.538789 7040
0.538789 7039
0.538789 7038
0.538789 7037
0.538789 7036
0.538789 7035
0.538789 7034
0.538789 7033
0.538789 7032
0.538789 7031
0.538789 7030
0.538468 7029
0.538468 7028
0.538468 7027
0.538468 7026
0.538468 7025
0.538468 7024
0.538468 7023
0.538468 7022
0.538468 7021
0.538468 7020
0.538468 7019
0.538468 7018
0.538468 7017
0.538468 7016
0.538468 7015
0.538468 7014
0.538468 7013
0.538468 7012
0.538468 7011
0.538468 7010
0.538468 7009
0.538468 7008
0.538468 7007
0.538468 7006
0.538468 7005
0.538468 7004
0.538468 7003
0.538468 7002
0.538468 7001
0.538468 7000
0.538468 6999
0.538468 6998
0.538468 6997
0.538468 6996
0.538468 6995
0.538468 6994
0.538468 6993
0.538468 6992
0.538468 6991
0.538468 6990
0.538468 6989
0.538468 6988
0.538468 6987
0.538468 6986
0.538468 6985
0.538468 6984
0.538468 6983
0.538468 6982
0.538468 6981
0.538468 6980
0.538468 6979
0.538468 6978
0.538468 6977
0.538468 6976
0.538468 6975
0.538468 6974
0.538468 6973
0.538468 6972
0.538468 6971
0.538468 6970
0.538468 6969
0.538071 6968
0.538071 6967
0.538071 6966
0.538071 6965
0.538071 6964
0.538071 6963
0.538071 6962
0.538071 6961
0.538071 6960
0.538071 6959
0.538071 6958
0.538071 6957
0.538071 6956
0.538071 6955
0.538071 6954
0.538071 6953
0.538071 6952
0.538071 6951
0.538071 6950
0.538071 6949
0.538071 6948
0.538071 6947
0.538071 6946
0.538071 6945
0.538071 6944
0.538071 6943
0.538071 6942
0.538071 6941
0.538071 6940
0.538071 6939
0.538071 6938
0.538071 6937
0.538071 6936
0.538071 6935
0.538071 6934
0.538071 6933
0.538071 6932
0.538071 6931
0.538071 6930
0.538071 6929
0.538071 6928
0.538071 6927
0.538071 6926
0.538071 6925
0.538071 6924
0.538071 6923
0.538071 6922
0.538071 6921
0.538071 6920
0.538071 6919
0.537879 6918
0.537879 6917
0.537879 6916
0.537879 6915
0.537879 6914
0.537879 6913
0.537879 6912
0.537879 6911
0.537879 6910
0.537879 6909
0.537879 6908
0.537879 6907
0.537879 6906
0.537879 6905
0.537264 6904
0.537264 6903
0.537241 6902
0.537241 6901
0.537241 6900
0.537241 6899
0.537241 6898
0.537241 6897
0.537241 6896
0.537241 6895
0.537241 6894
0.537241 6893
0.537241 6892
0.537241 6891
0.537241 6890
0.537241 6889
0.537241 6888
0.537241 6887
0.537241 6886
0.537241 6885
0.537241 6884
0.537241 6883
0.537241 6882
0.537241 6881
0.537241 6880
0.537241 6879
0.537241 6878
0.537241 6877
0.537241 6876
0.537241 6875
0.536785 6875
0.536785 6874
0.536785 6873
0.536785 6872
0.536785 6871
0.536785 6870
0.536785 6869
0.536785 6868
0.536785 6867
0.536785 6866
0.536785 6865
0.536785 6864
0.536785 6863
0.536785 6862
0.536785 6861
0.536785 6860
0.536785 6859
0.536785 6858
0.536785 6857
0.536785 6856
0.536785 6855
0.536785 6854
0.536785 6853
0.536785 6852
0.536785 6851
0.536785 6850
0.536785 6849
0.536785 6848
0.536785 6847
0.536785 6846
0.536785 6845
0.536785 6844
0.536785 6843
0.536785 6842
0.536785 6841
0.536785 6840
0.536785 6839
0.536785 6838
0.536785 6837
0.536785 6836
0.536785 6835
0.536785 6834
0.536785 6833
0.536785 6832
0.536785 6831
0.536785 6830
0.536785 6829
0.536785 6828
0.536785 6827
0.536785 6826
0.536785 6825
0.536785 6824
0.536785 6823
0.536785 6822
0.536785 6821
0.536785 6820
0.536785 6819
0.536785 6818
0.536785 6817
0.536785 6816
0.536785 6815
0.536785 6814
0.536785 6813
0.536785 6812
0.536785 6811
0.536785 6810
0.536785 6809
0.536785 6808
0.536785 6807
0.536785 6806
0.536785 6805
0.536785 6804
0.536785 6803
0.536785 6802
0.536378 6801
0.536378 6800
0.536378 6799
0.536378 6798
0.536378 6797
0.536378 6796
0.536378 6795
0.536378 6794
0.536378 6793
0.536378 6792
0.536378 6791
0.536378 6790
0.536378 6789
0.536378 6788
0.536378 6787
0.536246 6786
0.536246 6785
0.536246 6784
0.536246 6783
0.536246 6782
0.536246 6781
0.536246 6780
0.536246 6779
0.536246 6778
0.536246 6777
0.536246 6776
0.536246 6775
0.536246 6774
0.536246 6773
0.536246 6772
0.536246 6771
0.536246 6770
0.536246 6769
0.536246 6768
0.536246 6767
0.536246 6766
0.536246 6765
0.536246 6764
0.536246 6763
0.536246 6762
0.536089 6761
0.536089 6760
0.536089 6759
0.536089 6758
0.536089 6757
0.536089 6756
0.536089 6755
0.536089 6754
0.536089 6753
0.536089 6752
0.536089 6751
0.536079 6750
0.536079 6749
0.536079 6748
0.536079 6747
0.536079 6746
0.536079 6745
0.536079 6744
0.535877 6743
0.535877 6742
0.535877 6741
0.535877 6740
0.535877 6739
0.535877 6738
0.535877 6737
0.535877 6736
0.535877 6735
0.535877 6734
0.535877 6733
0.535763 6732
0.535763 6731
0.535763 6730
0.535763 6729
0.535763 6728
0.535763 6727
0.535763 6726
0.535763 6725
0.535763 6724
0.53563 6723
0.53563 6722
0.53563 6721
0.53563 6720
0.53563 6719
0.53563 6718
0.53563 6717
0.53563 6716
0.53563 6715
0.53563 6714
0.53563 6713
0.53563 6712
0.53563 6711
0.53563 6710
0.53563 6709
0.53563 6708
0.53563 6707
0.53563 6706
0.53563 6705
0.53563 6704
0.53563 6703
0.53563 6702
0.53563 6701
0.53563 6700
0.53563 6699
0.53563 6698
0.53563 6697
0.53563 6696
0.53563 6695
0.53563 6694
0.53563 6693
0.53563 6692
0.53563 6691
0.53563 6690
0.53563 6689
0.53563 6688
0.53563 6687
0.53563 6686
0.53563 6684
0.53563 6683
0.53563 6682
0.53563 6681
0.53563 6680
0.53563 6679
0.53563 6678
0.53563 6677
0.53563 6676
0.53563 6675
0.53563 6674
0.53563 6673
0.53563 6672
0.53563 6671
0.53563 6670
0.53563 6669
0.53563 6668
0.53563 6667
0.53563 6666
0.53563 6665
0.53563 6664
0.53563 6663
0.53563 6662
0.53563 6661
0.53563 6660
0.53563 6659
0.53563 6658
0.53563 6657
0.53563 6656
0.53563 6655
0.53563 6654
0.53563 6653
0.53563 6652
0.53563 6651
0.53563 6650
0.53563 6649
0.53563 6648
0.53563 6647
0.53563 6646
0.53563 6645
0.53563 6644
0.53563 6643
0.53563 6642
0.53563 6641
0.53563 6640
0.53563 6639
0.53563 6638
0.53563 6637
0.53563 6636
0.53563 6635
0.53563 6634
0.53563 6633
0.53563 6632
0.53563 6631
0.53563 6630
0.53563 6629
0.53563 6628
0.53563 6627
0.53563 6626
0.53563 6625
0.535296 6625
0.535296 6624
0.535296 6623
0.535296 6622
0.535296 6621
0.535296 6620
0.535296 6619
0.535296 6618
0.535296 6617
0.535296 6616
0.535296 6615
0.535296 6614
0.535296 6613
0.535296 6612
0.535296 6611
0.535296 6610
0.535296 6609
0.535296 6608
0.535296 6607
0.535296 6606
0.535296 6605
0.535296 6604
0.535296 6603
0.535296 6602
0.535296 6601
0.535296 6600
0.535296 6599
0.535296 6598
0.535296 6597
0.535296 6596
0.535296 6595
0.535296 6594
0.535296 6593
0.535296 6592
0.535296 6591
0.535296 6590
0.535296 6589
0.535296 6588
0.535296 6587
0.535296 6586
0.535296 6585
0.535296 6584
0.535296 6583
0.535296 6582
0.535296 6581
0.535296 6580
0.535296 6579
0.535296 6578
0.535296 6577
0.535296 6576
0.535296 6575
0.535296 6574
0.535296 6573
0.535296 6572
0.535296 6571
0.535296 6570
0.535296 6569
0.535296 6568
0.535296 6567
0.535296 6566
0.535296 6565
0.535296 6564
0.535296 6563
0.535296 6562
0.535296 6561
0.535296 6560
0.535296 6559
0.535296 6558
0.535296 6557
0.535296 6556
0.535296 6555
0.535296 6554
0.535296 6553
0.535296 6552
0.535296 6551
0.535296 6550
0.535296 6549
0.535296 6548
0.535296 6547
0.535296 6546
0.535296 6545
0.535296 6544
0.535296 6543
0.535296 6542
0.535296 6541
0.535296 6540
0.535296 6539
0.535296 6538
0.535296 6537
0.535296 6536
0.535296 6535
0.535296 6534
0.535296 6533
0.535296 6532
0.535296 6531
0.535296 6530
0.535296 6529
0.535296 6528
0.535296 6527
0.535296 6526
0.535296 6525
0.535296 6524
0.535296 6523
0.535296 6522
0.535296 6521
0.535296 6520
0.535296 6519
0.535296 6518
0.535296 6517
0.535296 6516
0.535296 6515
0.535296 6514
0.535296 6513
0.535296 6512
0.535154 6511
0.535154 6510
0.535154 6509
0.535154 6508
0.535154 6507
0.535154 6506
0.535154 6505
0.535154 6504
0.535154 6503
0.535154 6502
0.535154 6501
0.535154 6500
0.535154 6499
0.535154 6498
0.535154 6497
0.535154 6496
0.535154 6495
0.535154 6494
0.535154 6493
0.535154 6492
0.535154 6491
0.535154 6490
0.535154 6489
0.535154 6488
0.535154 6487
0.535154 6486
0.535154 6485
0.535154 6484
0.535154 6483
0.535154 6482
0.533511 6482
0.533511 6481
0.533511 6480
0.533511 6479
0.533511 6478
0.533511 6477
0.533511 6476
0.533511 6474
0.533511 6473
0.533511 6472
0.533511 6471
0.533511 6470
0.533511 6469
0.533511 6468
0.533511 6467
0.533511 6466
0.533511 6465
0.533511 6464
0.533511 6463
0.533511 6462
0.533511 6461
0.533511 6460
0.533511 6459
0.533511 6458
0.533511 6457
0.533511 6456
0.533511 6455
0.533511 6454
0.533511 6453
0.533511 6452
0.533511 6451
0.533511 6450
0.533511 6449
0.533511 6448
0.533511 6447
0.533511 6446
0.533511 6445
0.533511 6444
0.533511 6443
0.533511 6442
0.533511 6441
0.533511 6440
0.533511 6439
0.533511 6438
0.533511 6437
0.533511 6436
0.533511 6435
0.533511 6434
0.533511 6433
0.533511 6432
0.533511 6431
0.533511 6430
0.533511 6429
0.533511 6428
0.533511 6427
0.533511 6426
0.533511 6425
0.533511 6424
0.533511 6423
0.533397 6422
0.533397 6421
0.533397 6420
0.533397 6419
0.533397 6418
0.533397 6417
0.533397 6416
0.533397 6415
0.533397 6414
0.533397 6413
0.533397 6412
0.533397 6411
0.533397 6410
0.533397 6409
0.533397 6408
0.533397 6407
0.533397 6406
0.533397 6405
0.533397 6404
0.533397 6403
0.533397 6402
0.533397 6401
0.533397 6400
0.533397 6399
0.533397 6398
0.533397 6397
0.533397 6396
0.533397 6395
0.533397 6394
0.533397 6393
0.533359 6392
0.533359 6391
0.533359 6390
0.533359 6389
0.533359 6388
0.533359 6387
0.533359 6386
0.533359 6385
0.533359 6384
0.533359 6383
0.533359 6382
0.533359 6381
0.533359 6380
0.533359 6379
0.533359 6378
0.533359 6377
0.533359 6376
0.533359 6375
0.533359 6374
0.533359 6373
0.533359 6372
0.533359 6371
0.533359 6370
0.533359 6369
0.533359 6368
0.533359 6367
0.533359 6366
0.533359 6365
0.533359 6364
0.533359 6363
0.533359 6362
0.533359 6361
0.533359 6360
0.533359 6359
0.533359 6358
0.533359 6357
0.533359 6356
0.533359 6355
0.533359 6354
0.533359 6353
0.533359 6352
0.532662 6352
0.532662 6351
0.532662 6350
0.532662 6349
0.532662 6348
0.532662 6347
0.532662 6346
0.532662 6345
0.532662 6344
0.532662 6343
0.532662 6342
0.532662 6341
0.532662 6340
0.532662 6339
0.532662 6338
0.532662 6337
0.532662 6336
0.532662 6335
0.532662 6334
0.532662 6333
0.532662 6332
0.532662 6331
0.532662 6330
0.532662 6329
0.532662 6328
0.532662 6327
0.532662 6326
0.532662 6325
0.532662 6324
0.532662 6323
0.532662 6322
0.532662 6321
0.532662 6320
0.532662 6319
0.532662 6318
0.532662 6317
0.532662 6316
0.532662 6315
0.532662 6314
0.532662 6313
0.532662 6312
0.532662 6311
0.532662 6310
0.532662 6309
0.532662 6308
0.532247 6307
0.532247 6306
0.532247 6305
0.532247 6304
0.532247 6303
0.532247 6302
0.532247 6301
0.532247 6300
0.532247 6299
0.532247 6298
0.532247 6297
0.532247 6296
0.532247 6295
0.532247 6294
0.532247 6293
0.532247 6292
0.532247 6291
0.532247 6290
0.532247 6289
0.532247 6288
0.532247 6287
0.53223 6286
0.53223 6285
0.53223 6284
0.53223 6283
0.53223 6282
0.53223 6281
0.53223 6280
0.53223 6279
0.532213 6278
0.532213 6277
0.532213 6276
0.532213 6275
0.532213 6274
0.532213 6273
0.532213 6272
0.532213 6271
0.532213 6270
0.532213 6269
0.532213 6268
0.532213 6267
0.532213 6266
0.532213 6265
0.532213 6264
0.532213 6263
0.532213 6262
0.532213 6261
0.532213 6260
0.532213 6259
0.532213 6258
0.532213 6257
0.532213 6256
0.532213 6255
0.532213 6254
0.532213 6253
0.531955 6252
0.531955 6251
0.531955 6250
0.531955 6249
0.531955 6248
0.531955 6247
0.531955 6246
0.531955 6245
0.531955 6244
0.531955 6243
0.531955 6242
0.531955 6241
0.531955 6240
0.531955 6239
0.531955 6238
0.531955 6237
0.531955 6236
0.531955 6235
0.531955 6234
0.531955 6233
0.531811 6232
0.531811 6231
0.531811 6230
0.531811 6229
0.531811 6228
0.53169 6227
0.53169 6226
0.53169 6225
0.53169 6224
0.53169 6223
0.53169 6222
0.53169 6221
0.53169 6220
0.53169 6219
0.53169 6218
0.53169 6217
0.53169 6216
0.53169 6215
0.53169 6214
0.53169 6213
0.53169 6212
0.53169 6211
0.53169 6210
0.53169 6209
0.53169 6208
0.53169 6207
0.53169 6206
0.53169 6205
0.53169 6204
0.53169 6203
0.53169 6202
0.53169 6201
0.53169 6200
0.53169 6199
0.53169 6198
0.53169 6197
0.53169 6196
0.53169 6195
0.53169 6194
0.53169 6193
0.53169 6192
0.53169 6191
0.53169 6190
0.53169 6189
0.53169 6188
0.53169 6187
0.53169 6186
0.53169 6185
0.53169 6184
0.53169 6183
0.53169 6182
0.53169 6181
0.530671 6181
0.530671 6180
0.530671 6179
0.530671 6178
0.530671 6177
0.530671 6176
0.530671 6175
0.530671 6174
0.530671 6173
0.530671 6172
0.530671 6171
0.530671 6170
0.530671 6169
0.530671 6168
0.530671 6167
0.530671 6166
0.530671 6165
0.530671 6164
0.530671 6163
0.530671 6162
0.530671 6161
0.530671 6160
0.530671 6159
0.530671 6158
0.530671 6157
0.530671 6156
0.530671 6155
0.530671 6154
0.530671 6153
0.530671 6152
0.530671 6151
0.530671 6150
0.530671 6149
0.530671 6148
0.530671 6147
0.530671 6146
0.530671 6145
0.530671 6144
0.530671 6143
0.530671 6142
0.530671 6141
0.530671 6140
0.530671 6139
0.530671 6138
0.530671 6137
0.530671 6136
0.530671 6135
0.530671 6134
0.530671 6133
0.530671 6132
0.530671 6131
0.530671 6130
0.530671 6129
0.530671 6128
0.530671 6127
0.530671 6126
0.530671 6125
0.530671 6124
0.530671 6123
0.530671 6122
0.530671 6121
0.530671 6120
0.530671 6119
0.530671 6118
0.530671 6117
0.530671 6116
0.530671 6115
0.530671 6114
0.530671 6113
0.530671 6112
0.530671 6111
0.530671 6110
0.530671 6109
0.530671 6108
0.530671 6107
0.530671 6106
0.530671 6105
0.530671 6104
0.530671 6103
0.530671 6102
0.530671 6101
0.530671 6100
0.530671 6099
0.530671 6098
0.530671 6097
0.530671 6096
0.530671 6095
0.530671 6094
0.530671 6093
0.530671 6092
0.530671 6091
0.530671 6090
0.530671 6089
0.530671 6088
0.530671 6087
0.530671 6086
0.530671 6085
0.530671 6084
0.530671 6083
0.530671 6082
0.530671 6081
0.530399 6080
0.530399 6079
0.530399 6078
0.530399 6077
0.530399 6076
0.530399 6075
0.530399 6074
0.530399 6073
0.530399 6072
0.530399 6071
0.530399 6070
0.530399 6069
0.530399 6068
0.530399 6067
0.530399 6066
0.530399 6065
0.530399 6064
0.530399 6063
0.530399 6062
0.530399 6061
0.530399 6060
0.530399 6059
0.530399 6058
0.530399 6057
0.530399 6056
0.530399 6055
0.530399 6054
0.530399 6053
0.530399 6052
0.530399 6051
0.530399 6050
0.530399 6049
0.530399 6048
0.530399 6047
0.530399 6046
0.530399 6045
0.530399 6044
0.530399 6043
0.530399 6042
0.530399 6041
0.530399 6040
0.530399 6039
0.530399 6038
0.530399 6037
0.530399 6036
0.530399 6035
0.530191 6034
0.530191 6033
0.530191 6032
0.530191 6031
0.530191 6030
0.530191 6029
0.530191 6028
0.530191 6027
0.530191 6026
0.530191 6025
0.530191 6024
0.530191 6023
0.530191 6022
0.530191 6021
0.530191 6020
0.530191 6019
0.530191 6018
0.530191 6017
0.530191 6016
0.530191 6015
0.530191 6014
0.530191 6013
0.530191 6012
0.530191 6011
0.530191 6010
0.530191 6009
0.530191 6008
0.530191 6007
0.530191 6006
0.530191 6004
0.530191 6003
0.530191 6002
0.530191 6001
0.530191 6000
0.530191 5999
0.530191 5998
0.530191 5997
0.530191 5996
0.530191 5995
0.530191 5994
0.530191 5993
0.530191 5992
0.530191 5991
0.530191 5990
0.530191 5989
0.530191 5988
0.530191 5987
0.530191 5986
0.529245 5986
0.529245 5985
0.529245 5984
0.529245 5983
0.529245 5982
0.529245 5981
0.529245 5980
0.529245 5979
0.529245 5978
0.529245 5977
0.529245 5976
0.529245 5975
0.529245 5974
0.529245 5973
0.529245 5972
0.529245 5971
0.529245 5970
0.529245 5969
0.529245 5968
0.529245 5967
0.529245 5966
0.529245 5965
0.529245 5964
0.529245 5963
0.529245 5962
0.529245 5961
0.529245 5960
0.529245 5959
0.529245 5958
0.529245 5957
0.529245 5956
0.529245 5955
0.529245 5954
0.529245 5953
0.528599 5953
0.528599 5952
0.528599 5951
0.528599 5950
0.528599 5949
0.528599 5948
0.528599 5947
0.528599 5946
0.528599 5945
0.528599 5944
0.528599 5943
0.528599 5942
0.528599 5940
0.528599 5939
0.528599 5938
0.528355 5936
0.528355 5935
0.528355 5934
0.528355 5933
0.528355 5932
0.528355 5931
0.528355 5930
0.528321 5929
0.528321 5928
0.528321 5927
0.528321 5926
0.528321 5925
0.528321 5924
0.528321 5923
0.528321 5922
0.528321 5921
0.528321 5920
0.528321 5919
0.528321 5918
0.528321 5917
0.528321 5916
0.528321 5915
0.528321 5914
0.528321 5913
0.528321 5912
0.528321 5911
0.528321 5910
0.528321 5909
0.528321 5908
0.528321 5907
0.528321 5906
0.528321 5905
0.528321 5904
0.528321 5903
0.528321 5902
0.528321 5901
0.528321 5900
0.528321 5899
0.528321 5898
0.528321 5897
0.528321 5896
0.528251 5895
0.528251 5894
0.528251 5893
0.528251 5892
0.528251 5891
0.528251 5890
0.528251 5889
0.528251 5888
0.528251 5887
0.528251 5886
0.528251 5885
0.528251 5884
0.528251 5883
0.528251 5882
0.528251 5881
0.528251 5880
0.528251 5879
0.528251 5878
0.528251 5877
0.528251 5876
0.528251 5875
0.528251 5874
0.528251 5873
0.528251 5872
0.528251 5871
0.528251 5870
0.528251 5869
0.528219 5868
0.528219 5867
0.528219 5865
0.528219 5864
0.528219 5863
0.528219 5862
0.528219 5861
0.528219 5860
0.528219 5859
0.528219 5858
0.528219 5857
0.528219 5856
0.528219 5855
0.528219 5854
0.528219 5853
0.528219 5852
0.528219 5851
0.528219 5850
0.528219 5849
0.528219 5848
0.528219 5847
0.528219 5846
0.528219 5845
0.528219 5844
0.528219 5843
0.528219 5842
0.528219 5841
0.528219 5840
0.528219 5839
0.528219 5838
0.527715 5837
0.527715 5836
0.527715 5835
0.527715 5834
0.527715 5833
0.527715 5832
0.527715 5831
0.527715 5830
0.527715 5829
0.527715 5828
0.527715 5827
0.527715 5826
0.527715 5825
0.527715 5824
0.527699 5823
0.527699 5822
0.527699 5821
0.527699 5820
0.527699 5819
0.527699 5818
0.527699 5817
0.527699 5816
0.527699 5815
0.527699 5814
0.527699 5813
0.527699 5812
0.527699 5811
0.527699 5810
0.527699 5809
0.527699 5808
0.527699 5807
0.527699 5806
0.527699 5804
0.527699 5803
0.527699 5802
0.527699 5801
0.527699 5800
0.527699 5799
0.527699 5798
0.527699 5797
0.527699 5796
0.527699 5795
0.527699 5794
0.527699 5793
0.527699 5792
0.527699 5791
0.527699 5790
0.527699 5789
0.527699 5788
0.527699 5787
0.527699 5786
0.527699 5785
0.527699 5784
0.527699 5783
0.527699 5782
0.527699 5781
0.527699 5780
0.527699 5779
0.527699 5778
0.527699 5777
0.527699 5776
0.527699 5775
0.527445 5774
0.527445 5773
0.527413 5772
0.527413 5771
0.527413 5770
0.527413 5769
0.527413 5768
0.527413 5767
0.527413 5766
0.527413 5765
0.527413 5764
0.527413 5763
0.527413 5762
0.527413 5760
0.527413 5758
0.527413 5757
0.527413 5756
0.527413 5755
0.527413 5754
0.527413 5753
0.527413 5752
0.527413 5751
0.527413 5750
0.527413 5749
0.527413 5748
0.527413 5747
0.527413 5746
0.527413 5745
0.527413 5744
0.527413 5743
0.527413 5742
0.527413 5741
0.527413 5740
0.527413 5739
0.527413 5737
0.527413 5736
0.527413 5735
0.527413 5734
0.527413 5733
0.527413 5732
0.527413 5731
0.527413 5730
0.527413 5729
0.527413 5728
0.527413 5727
0.527413 5726
0.527413 5725
0.527413 5724
0.527413 5723
0.527413 5722
0.527413 5721
0.527413 5720
0.527413 5719
0.527413 5718
0.527413 5717
0.527413 5716
0.527413 5715
0.527413 5714
0.527413 5713
0.527413 5712
0.527413 5711
0.527413 5710
0.527413 5709
0.527413 5708
0.527413 5707
0.527413 5706
0.527413 5705
0.527413 5704
0.527413 5703
0.527413 5702
0.527413 5701
0.527413 5700
0.527413 5699
0.527413 5698
0.527413 5697
0.527413 5696
0.527413 5695
0.527413 5694
0.527362 5693
0.527362 5692
0.527362 5691
0.527362 5690
0.527362 5689
0.527362 5688
0.527362 5687
0.527362 5686
0.527362 5685
0.527362 5684
0.527362 5683
0.527362 5682
0.527362 5681
0.527362 5680
0.527362 5679
0.527362 5678
0.527362 5677
0.527362 5676
0.527362 5675
0.527362 5674
0.527362 5673
0.527362 5672
0.527362 5671
0.527157 5671
0.527157 5670
0.527157 5669
0.527157 5668
0.527157 5667
0.527157 5666
0.527157 5665
0.526892 5664
0.526892 5663
0.526892 5661
0.526892 5660
0.526892 5659
0.526892 5658
0.526892 5657
0.526892 5656
0.526892 5655
0.526892 5654
0.526892 5653
0.526892 5652
0.526892 5651
0.526892 5650
0.526892 5649
0.526892 5648
0.526892 5647
0.526892 5646
0.526892 5645
0.526892 5644
0.526892 5643
0.526892 5642
0.526892 5641
0.526892 5640
0.526892 5639
0.526892 5638
0.526892 5637
0.526839 5636
0.526839 5635
0.526839 5634
0.526839 5633
0.526839 5632
0.526839 5631
0.526839 5630
0.526839 5629
0.526839 5628
0.526839 5627
0.526839 5626
0.526839 5625
0.526839 5624
0.526839 5623
0.526839 5622
0.52646 5622
0.52646 5621
0.52646 5620
0.52646 5619
0.52646 5618
0.52646 5617
0.52646 5616
0.52646 5615
0.52646 5613
0.52646 5611
0.52646 5610
0.52646 5609
0.52646 5608
0.52646 5607
0.52646 5606
0.52646 5605
0.52646 5604
0.52646 5603
0.52646 5602
0.52646 5601
0.52646 5600
0.52646 5599
0.52646 5598
0.52646 5597
0.52646 5596
0.52646 5595
0.52646 5594
0.52646 5593
0.52646 5592
0.52646 5591
0.52646 5590
0.52646 5589
0.52646 5588
0.52646 5587
0.52646 5586
0.52646 5585
0.52646 5584
0.52646 5583
0.52646 5582
0.52646 5581
0.52646 5580
0.52646 5579
0.52646 5578
0.52646 5577
0.52646 5576
0.52646 5575
0.52646 5574
0.52646 5573
0.526373 5572
0.526373 5571
0.526302 5569
0.526302 5568
0.526302 5567
0.526302 5566
0.526302 5565
0.526302 5564
0.526302 5563
0.526302 5562
0.526302 5561
0.526302 5560
0.526302 5559
0.526302 5558
0.526302 5557
0.526302 5556
0.526302 5555
0.526302 5554
0.526302 5553
0.526302 5552
0.526302 5551
0.526302 5550
0.526302 5549
0.526302 5548
0.526302 5547
0.526302 5546
0.526302 5545
0.526302 5544
0.526302 5543
0.526302 5542
0.526302 5541
0.526302 5540
0.526302 5539
0.526302 5538
0.526302 5537
0.526302 5536
0.526302 5535
0.526302 5534
0.526302 5533
0.526302 5532
0.526302 5531
0.526302 5530
0.526302 5529
0.526302 5528
0.526302 5527
0.526302 5526
0.526302 5524
0.526302 5523
0.526302 5522
0.526302 5521
0.526302 5520
0.526302 5519
0.526302 5518
0.526302 5517
0.526302 5516
0.526302 5515
0.526302 5514
0.526302 5513
0.526302 5512
0.526302 5511
0.526302 5510
0.526302 5509
0.526302 5508
0.526302 5507
0.526302 5506
0.526302 5505
0.526302 5504
0.526302 5503
0.526302 5502
0.526302 5501
0.526302 5500
0.526302 5499
0.526302 5498
0.526302 5497
0.526302 5496
0.526302 5495
0.526302 5494
0.526302 5493
0.526302 5492
0.526302 5491
0.526286 5490
0.526286 5489
0.526286 5488
0.526286 5487
0.526286 5486
0.526286 5485
0.526286 5484
0.526286 5483
0.526286 5482
0.526286 5481
0.526286 5480
0.526286 5479
0.526286 5478
0.526286 5477
0.526286 5476
0.526286 5475
0.526286 5474
0.526286 5473
0.526286 5472
0.526286 5471
0.526286 5470
0.526286 5469
0.526286 5468
0.526286 5467
0.526286 5466
0.526286 5465
0.526286 5464
0.526286 5463
0.526149 5461
0.526149 5460
0.526149 5459
0.526149 5458
0.526149 5457
0.526149 5456
0.526149 5455
0.525755 5454
0.525755 5453
0.525755 5452
0.525755 5451
0.525755 5450
0.525755 5449
0.52561 5447
0.52561 5446
0.52561 5445
0.52561 5444
0.52561 5443
0.525294 5442
0.525294 5441
0.525294 5440
0.525294 5439
0.525294 5438
0.525294 5437
0.525294 5436
0.525294 5435
0.525294 5434
0.525294 5433
0.525294 5432
0.525267 5431
0.525267 5430
0.525267 5429
0.525267 5428
0.525267 5427
0.525267 5426
0.525267 5425
0.525267 5424
0.525267 5423
0.525267 5422
0.525267 5421
0.525267 5419
0.525267 5418
0.525267 5417
0.525267 5416
0.525267 5415
0.525267 5414
0.525267 5413
0.525267 5412
0.525267 5411
0.525267 5410
0.525267 5409
0.525267 5408
0.525267 5407
0.525267 5406
0.525267 5404
0.525267 5403
0.525267 5402
0.525267 5401
0.525267 5400
0.525267 5399
0.525267 5398
0.525267 5397
0.525267 5396
0.525267 5395
0.525267 5394
0.525267 5393
0.525267 5392
0.525267 5391
0.525267 5390
0.525267 5389
0.525267 5388
0.525267 5387
0.525267 5386
0.525267 5385
0.525267 5384
0.525267 5382
0.525267 5381
0.525267 5380
0.525267 5379
0.525267 5378
0.525267 5377
0.525267 5376
0.525267 5375
0.525267 5374
0.525267 5373
0.525267 5372
0.525267 5371
0.525267 5370
0.525267 5369
0.525267 5368
0.525267 5367
0.525267 5366
0.525267 5365
0.525267 5364
0.525267 5363
0.525267 5362
0.525267 5361
0.525267 5360
0.525267 5359
0.525267 5358
0.525267 5357
0.525267 5356
0.525267 5355
0.525267 5354
0.525267 5353
0.525267 5352
0.525267 5351
0.525267 5350
0.525267 5349
0.525267 5348
0.525267 5347
0.525267 5346
0.525267 5345
0.525267 5344
0.525267 5343
0.525267 5342
0.525267 5341
0.525267 5340
0.525267 5339
0.525267 5338
0.525267 5336
0.525267 5335
0.525267 5334
0.525267 5333
0.525267 5332
0.525267 5331
0.525267 5330
0.525267 5329
0.525267 5328
0.525267 5327
0.525267 5326
0.525267 5325
0.525267 5324
0.525267 5323
0.525267 5322
0.525267 5321
0.525267 5320
0.525267 5319
0.525267 5318
0.525267 5317
0.525267 5316
0.525267 5315
0.525267 5314
0.525267 5313
0.525267 5312
0.525267 5311
0.525267 5309
0.525267 5307
0.525267 5306
0.525267 5305
0.525267 5304
0.525267 5303
0.525267 5301
0.525267 5300
0.525267 5299
0.525198 5298
0.525198 5297
0.525198 5296
0.525198 5295
0.525198 5294
0.525198 5293
0.525198 5291
0.525198 5290
0.525198 5289
0.525198 5288
0.525198 5287
0.525198 5286
0.525198 5285
0.525198 5284
0.525198 5283
0.525198 5282
0.525198 5281
0.525198 5280
0.525198 5279
0.525198 5278
0.525198 5277
0.525198 5276
0.525198 5275
0.525198 5274
0.525198 5273
0.525198 5272
0.525198 5271
0.525198 5270
0.525198 5269
0.525198 5268
0.525198 5267
0.525198 5266
0.525198 5265
0.525198 5264
0.525198 5263
0.525198 5262
0.525198 5261
0.525198 5260
0.525198 5259
0.525198 5257
0.525198 5256
0.525198 5255
0.525198 5254
0.525198 5253
0.525198 5252
0.525198 5251
0.525198 5250
0.525198 5249
0.525198 5248
0.525198 5247
0.525198 5246
0.525198 5245
0.525198 5244
0.525198 5243
0.525198 5242
0.525198 5241
0.525198 5240
0.525198 5239
0.525198 5238
0.525198 5237
0.525198 5236
0.525198 5235
0.525198 5234
0.525198 5233
0.525198 5232
0.525198 5231
0.525198 5229
0.525198 5228
0.525198 5227
0.525198 5226
0.525198 5225
0.525198 5224
0.525198 5223
0.525198 5222
0.525198 5221
0.525198 5220
0.525198 5219
0.524762 5219
0.524762 5218
0.524762 5217
0.524707 5215
0.524707 5214
0.524707 5213
0.524707 5212
0.524707 5211
0.524707 5210
0.524707 5209
0.524707 5208
0.524707 5207
0.524681 5206
0.524681 5205
0.524625 5204
0.524625 5203
0.524625 5202
0.524625 5201
0.524625 5200
0.524625 5199
0.524625 5198
0.524625 5197
0.524625 5196
0.524625 5195
0.524625 5194
0.524349 5193
0.524349 5192
0.524349 5191
0.524349 5190
0.524349 5189
0.524349 5188
0.524349 5187
0.523885 5186
0.523885 5185
0.523885 5184
0.523885 5183
0.523885 5182
0.523885 5181
0.523885 5180
0.523885 5179
0.523885 5178
0.523885 5177
0.523885 5176
0.523885 5175
0.523885 5174
0.523885 5173
0.523885 5172
0.523885 5171
0.523885 5170
0.523885 5169
0.523885 5168
0.523885 5167
0.523885 5166
0.523885 5165
0.523835 5164
0.523835 5163
0.523835 5162
0.523835 5161
0.523835 5160
0.523078 5159
0.523078 5158
0.523078 5157
0.523078 5156
0.523078 5155
0.523078 5154
0.523078 5153
0.523078 5152
0.523078 5151
0.523078 5150
0.523078 5149
0.523078 5148
0.523078 5147
0.523078 5146
0.523078 5145
0.523078 5143
0.523078 5142
0.523078 5141
0.523078 5140
0.523078 5139
0.523078 5138
0.523078 5137
0.523078 5136
0.523078 5135
0.523078 5134
0.523078 5133
0.523078 5132
0.523078 5131
0.523078 5130
0.523078 5129
0.523078 5128
0.523078 5127
0.523078 5126
0.522986 5125
0.522986 5124
0.522986 5123
0.522986 5122
0.522986 5121
0.522986 5120
0.522986 5118
0.522986 5117
0.522986 5116
0.522986 5115
0.522986 5114
0.522986 5112
0.522986 5111
0.522986 5110
0.522986 5108
0.522986 5107
0.522986 5106
0.522986 5105
0.522986 5104
0.522986 5102
0.522986 5101
0.522986 5100
0.522986 5099
0.522986 5098
0.522986 5097
0.522986 5096
0.522986 5095
0.522986 5093
0.522986 5092
0.522986 5091
0.522986 5090
0.522986 5089
0.522986 5088
0.522986 5087
0.522986 5086
0.522986 5085
0.522986 5084
0.522986 5083
0.522986 5082
0.522986 5081
0.522986 5080
0.522986 5079
0.522986 5078
0.522986 5077
0.522986 5076
0.522986 5075
0.522986 5074
0.522986 5073
0.522986 5072
0.522986 5071
0.522986 5070
0.522709 5069
0.522709 5068
0.522709 5067
0.522709 5066
0.522709 5065
0.522709 5064
0.522281 5064
0.522281 5063
0.522281 5062
0.522281 5061
0.522281 5060
0.522281 5059
0.522281 5058
0.522281 5057
0.522281 5056
0.522281 5055
0.522281 5054
0.522281 5053
0.522281 5052
0.522281 5051
0.522281 5050
0.522281 5049
0.522281 5048
0.522281 5047
0.522281 5046
0.522281 5045
0.522281 5044
0.522281 5043
0.522281 5042
0.522281 5041
0.522281 5040
0.522281 5039
0.522281 5038
0.522281 5037
0.522281 5036
0.522281 5034
0.522281 5033
0.522281 5032
0.522281 5031
0.522281 5030
0.522281 5029
0.522281 5028
0.522281 5027
0.522281 5026
0.522281 5025
0.522281 5024
0.522281 5023
0.522281 5022
0.522281 5021
0.522281 5020
0.522281 5019
0.522281 5018
0.522281 5017
0.522281 5016
0.522281 5015
0.522281 5014
0.522281 5013
0.522281 5012
0.522281 5011
0.522281 5010
0.522034 5009
0.522034 5008
0.522034 5007
0.522034 5006
0.522034 5005
0.522034 5004
0.522034 5003
0.522034 5002
0.522034 5001
0.522034 4999
0.522034 4997
0.522034 4996
0.522034 4995
0.522034 4994
0.522034 4993
0.52172 4993
0.52172 4992
0.52172 4991
0.52172 4990
0.52067 4990
0.52067 4988
0.52067 4987
0.52067 4986
0.52067 4985
0.520443 4984
0.520443 4982
0.520443 4981
0.520443 4980
0.520443 4979
0.520443 4978
0.520443 4976
0.519681 4975
0.519681 4974
0.519681 4973
0.519681 4972
0.519681 4971
0.519538 4970
0.519538 4969
0.519538 4968
0.519538 4967
0.519538 4966
0.519538 4965
0.519538 4964
0.519538 4963
0.519538 4962
0.519538 4960
0.519538 4959
0.519538 4958
0.519538 4957
0.519538 4956
0.519538 4955
0.519538 4954
0.519538 4953
0.519538 4952
0.519538 4951
0.519538 4950
0.519532 4949
0.519532 4948
0.519532 4947
0.519532 4946
0.519532 4945
0.519532 4944
0.519532 4943
0.519532 4942
0.519532 4941
0.519532 4940
0.519532 4939
0.519532 4938
0.519532 4937
0.519532 4936
0.519532 4935
0.519532 4934
0.519532 4933
0.519532 4932
0.519532 4931
0.519532 4930
0.519471 4929
0.519271 4928
0.519271 4927
0.519271 4926
0.519271 4925
0.519271 4924
0.519271 4923
0.519271 4922
0.519271 4921
0.519271 4920
0.519271 4919
0.519271 4918
0.519271 4917
0.519271 4916
0.519271 4915
0.519271 4914
0.519271 4913
0.519271 4912
0.519271 4911
0.519271 4910
0.519271 4909
0.519271 4908
0.519271 4907
0.519271 4906
0.519271 4905
0.519271 4904
0.519271 4903
0.519271 4902
0.519271 4901
0.519271 4900
0.519271 4899
0.519271 4898
0.519271 4897
0.519271 4896
0.519271 4895
0.519271 4894
0.519271 4893
0.519132 4892
0.519132 4891
0.519132 4890
0.519132 4889
0.519132 4888
0.519132 4887
0.519132 4886
0.519132 4885
0.519132 4884
0.519132 4883
0.517997 4883
0.517997 4882
0.517997 4881
0.517997 4880
0.517997 4879
0.517997 4878
0.517997 4877
0.517997 4876
0.517997 4874
0.517997 4873
0.517997 4872
0.517997 4871
0.517997 4870
0.517997 4869
0.517935 4868
0.517935 4867
0.517935 4866
0.517935 4865
0.517935 4864
0.517935 4863
0.517935 4862
0.517935 4860
0.517935 4859
0.517935 4858
0.517935 4857
0.517935 4856
0.517935 4854
0.517935 4853
0.517935 4852
0.517935 4851
0.517935 4850
0.517935 4849
0.517905 4847
0.517905 4846
0.517905 4845
0.517905 4844
0.517905 4843
0.517905 4842
0.517905 4841
0.517905 4840
0.517905 4839
0.517905 4838
0.517905 4837
0.517905 4836
0.517905 4835
0.517905 4834
0.517905 4833
0.517905 4832
0.517905 4831
0.517905 4830
0.517905 4829
0.517905 4828
0.517905 4827
0.517905 4826
0.517905 4825
0.517905 4824
0.517905 4823
0.517905 4821
0.517905 4819
0.517905 4818
0.517905 4817
0.517905 4816
0.517905 4815
0.517905 4814
0.517734 4813
0.517734 4812
0.517734 4810
0.517734 4808
0.517734 4807
0.517734 4806
0.517734 4805
0.51754 4804
0.51754 4803
0.51754 4802
0.51754 4801
0.51754 4800
0.51754 4799
0.51754 4798
0.51754 4797
0.51754 4796
0.51754 4795
0.51754 4794
0.51754 4791
0.51754 4790
0.51754 4789
0.51754 4788
0.51754 4787
0.51754 4786
0.51754 4785
0.51754 4784
0.51754 4783
0.51754 4782
0.51754 4780
0.51754 4778
0.51754 4777
0.51754 4776
0.51754 4775
0.51754 4774
0.51754 4773
0.51754 4771
0.51754 4770
0.51754 4769
0.51754 4768
0.51754 4767
0.51754 4766
0.51754 4765
0.51754 4764
0.51754 4763
0.51754 4761
0.51754 4760
0.51754 4759
0.51754 4758
0.51754 4757
0.51754 4756
0.51754 4755
0.51754 4754
0.51754 4753
0.51754 4752
0.517527 4751
0.516964 4751
0.516964 4750
0.516964 4749
0.516964 4748
0.516964 4747
0.516964 4746
0.516964 4745
0.516964 4744
0.516964 4743
0.516964 4742
0.516964 4741
0.516964 4740
0.516964 4739
0.516964 4738
0.516964 4737
0.516964 4736
0.516964 4735
0.516964 4734
0.516964 4733
0.516964 4732
0.516964 4731
0.516964 4730
0.516964 4729
0.516964 4728
0.516964 4727
0.516964 4726
0.516964 4725
0.516953 4723
0.516953 4722
0.516953 4721
0.516953 4720
0.516953 4719
0.516953 4718
0.516953 4717
0.516953 4716
0.516953 4715
0.516953 4714
0.516953 4713
0.516953 4712
0.516519 4711
0.516519 4710
0.516168 4709
0.516168 4708
0.516168 4707
0.516168 4706
0.516168 4705
0.516168 4703
0.516168 4702
0.516168 4701
0.516168 4700
0.516168 4699
0.516168 4698
0.516168 4697
0.515987 4695
0.515749 4694
0.515749 4691
0.515749 4690
0.515749 4689
0.515749 4688
0.515749 4687
0.515749 4686
0.515749 4685
0.515749 4684
0.515749 4683
0.515749 4682
0.515749 4681
0.515749 4680
0.515749 4678
0.515749 4677
0.515749 4676
0.515383 4675
0.515383 4674
0.515383 4673
0.515383 4672
0.515383 4671
0.515219 4671
0.515219 4670
0.515219 4669
0.515219 4668
0.515219 4667
0.515219 4666
0.515219 4665
0.515219 4664
0.515219 4662
0.515219 4661
0.515219 4660
0.515219 4659
0.515219 4658
0.515219 4656
0.515219 4654
0.515219 4652
0.515219 4651
0.515219 4650
0.515219 4649
0.515219 4647
0.515219 4645
0.514484 4645
0.514465 4644
0.514465 4642
0.514465 4641
0.514363 4641
0.514363 4638
0.514363 4637
0.514363 4636
0.514363 4635
0.514363 4634
0.514363 4632
0.514363 4631
0.514363 4630
0.514363 4628
0.514363 4627
0.514363 4626
0.514363 4625
0.514363 4624
0.514363 4623
0.514363 4622
0.514363 4620
0.514363 4619
0.514363 4618
0.514363 4617
0.514363 4615
0.514363 4614
0.514363 4611
0.514363 4609
0.514363 4607
0.514363 4606
0.514363 4605
0.514363 4604
0.514363 4603
0.514363 4601
0.514363 4600
0.514363 4599
0.514363 4598
0.514363 4597
0.514363 4596
0.514363 4595
0.514363 4594
0.514363 4592
0.514363 4590
0.514363 4589
0.514363 4588
0.514363 4587
0.514363 4586
0.514363 4585
0.514363 4584
0.514363 4583
0.514363 4582
0.514363 4581
0.514363 4580
0.514363 4579
0.514363 4578
0.514363 4577
0.514363 4576
0.514363 4575
0.514363 4574
0.514363 4573
0.514363 4572
0.514363 4571
0.514363 4570
0.514363 4569
0.514344 4568
0.514344 4567
0.514344 4565
0.514344 4564
0.514312 4562
0.514219 4561
0.514219 4559
0.514219 4558
0.514219 4557
0.514219 4555
0.514219 4554
0.514219 4553
0.514219 4552
0.514219 4551
0.514219 4549
0.514208 4548
0.514208 4547
0.514208 4545
0.514208 4544
0.514208 4543
0.514208 4542
0.514208 4541
0.514208 4540
0.514208 4538
0.512888 4537
0.512888 4535
0.512888 4534
0.512888 4532
0.512888 4530
0.512888 4529
0.512888 4528
0.512888 4527
0.512888 4526
0.512888 4525
0.512888 4524
0.512888 4523
0.512888 4522
0.512888 4521
0.512888 4520
0.512888 4519
0.512888 4518
0.512888 4517
0.512888 4516
0.512888 4515
0.512763 4512
0.512763 4511
0.512763 4510
0.512658 4507
0.512658 4506
0.512658 4505
0.512658 4504
0.512658 4502
0.51177 4502
0.51177 4500
0.51177 4499
0.51177 4498
0.511746 4497
0.511746 4496
0.511736 4495
0.511736 4492
0.511736 4491
0.511736 4489
0.511736 4487
0.511736 4486
0.511736 4484
0.511736 4483
0.511736 4482
0.511736 4481
0.511736 4480
0.511736 4479
0.511736 4478
0.511736 4477
0.511736 4476
0.511736 4474
0.511736 4473
0.511736 4472
0.511736 4470
0.511736 4469
0.511736 4468
0.511736 4467
0.511736 4466
0.511736 4465
0.511736 4463
0.511736 4462
0.511736 4461
0.511736 4459
0.511736 4457
0.511736 4456
0.511736 4455
0.511736 4454
0.511736 4452
0.511736 4451
0.511736 4450
0.511736 4449
0.511736 4448
0.511736 4447
0.511736 4446
0.511736 4445
0.511497 4443
0.511497 4442
0.511497 4441
0.511497 4439
0.511497 4437
0.511497 4436
0.511497 4435
0.511497 4434
0.511497 4433
0.511497 4431
0.511497 4430
0.511497 4429
0.511362 4428
0.511362 4427
0.511362 4426
0.511362 4425
0.511362 4423
0.511362 4422
0.511362 4421
0.511362 4420
0.511362 4419
0.511362 4418
0.511362 4417
0.511362 4416
0.511362 4415
0.511362 4414
0.511362 4413
0.511362 4412
0.511362 4411
0.511362 4410
0.511362 4409
0.511362 4408
0.511362 4406
0.511362 4404
0.511362 4403
0.511362 4402
0.511362 4401
0.511362 4400
0.511362 4399
0.511362 4398
0.511362 4396
0.510082 4396
0.510082 4395
0.510082 4394
0.510082 4392
0.510082 4391
0.510082 4390
0.508997 4390
0.508997 4388
0.508997 4386
0.508997 4384
0.508997 4383
0.508997 4382
0.508997 4381
0.508997 4380
0.508997 4379
0.508997 4378
0.508997 4376
0.508997 4374
0.508997 4373
0.508997 4372
0.508997 4371
0.508997 4370
0.508997 4369
0.508997 4368
0.508997 4367
0.508997 4366
0.508997 4364
0.508997 4363
0.508997 4362
0.508997 4361
0.508997 4360
0.508997 4358
0.508997 4357
0.508997 4355
0.508997 4353
0.508997 4351
0.508997 4350
0.508997 4347
0.508357 4347
0.508357 4346
0.508357 4345
0.508357 4344
0.508357 4343
0.508357 4339
0.508357 4338
0.508314 4336
0.50828 4333
0.50828 4331
0.50828 4330
0.50828 4329
0.50828 4328
0.50828 4326
0.50828 4325
0.50828 4323
0.508164 4322
0.508164 4321
0.508164 4320
0.508164 4319
0.508164 4318
0.508164 4316
0.508164 4313
0.508164 4312
0.508164 4311
0.508164 4310
0.508164 4308
0.508164 4307
0.508164 4306
0.508164 4305
0.508164 4304
0.508164 4303
0.508164 4301
0.508164 4300
0.508164 4299
0.508164 4298
0.508164 4297
0.508164 4295
0.508164 4294
0.508164 4293
0.508164 4292
0.508164 4291
0.508164 4287
0.508072 4285
0.50771 4284
0.50771 4283
0.50771 4282
0.50771 4279
0.50771 4278
0.50771 4276
0.50771 4275
0.507182 4273
0.507182 4271
0.507182 4270
0.507182 4269
0.507182 4268
0.507182 4266
0.507182 4265
0.507182 4263
0.507182 4262
0.507021 4260
0.507021 4259
0.507021 4257
0.507021 4253
0.507021 4252
0.507021 4251
0.507021 4250
0.507021 4249
0.507021 4247
0.507021 4246
0.507021 4245
0.507021 4244
0.507021 4243
0.50702 4242
0.50702 4241
0.50702 4240
0.50702 4238
0.50702 4236
0.506837 4235
0.506389 4233
0.506389 4232
0.506389 4229
0.506389 4228
0.506389 4226
0.506389 4223
0.506389 4222
0.506389 4221
0.506389 4220
0.506389 4217
0.506389 4216
0.506389 4214
0.506389 4213
0.506389 4212
0.506389 4211
0.506389 4210
0.506389 4208
0.506389 4206
0.505341 4206
0.505341 4205
0.504851 4205
0.504851 4203
0.504851 4202
0.504851 4199
0.504851 4198
0.504436 4196
0.504436 4195
0.504436 4194
0.503421 4191
0.503421 4188
0.503421 4186
0.503421 4185
0.503421 4183
0.503421 4182
0.503333 4176
0.503305 4175
0.503305 4173
0.503305 4170
0.503305 4168
0.503305 4165
0.503305 4164
0.503305 4163
0.502636 4161
0.502636 4160
0.502636 4159
0.502636 4157
0.502636 4156
0.502636 4155
0.501996 4153
0.501996 4151
0.501996 4150
0.501996 4148
0.501996 4146
0.501886 4143
0.501886 4141
0.501886 4139
0.501886 4138
0.501886 4135
0.501886 4133
0.501886 4132
0.500822 4129
0.500822 4128
0.500822 4127
0.500822 4126
0.500822 4124
0.500822 4122
0.500822 4120
0.500822 4118
0.500822 4116
0.500822 4114
0.500822 4110
0.50042 4109
0.499828 4109
0.499714 4109
0.499714 4106
0.499714 4105
0.499714 4104
0.499714 4103
0.499714 4102
0.499714 4100
0.499714 4098
0.499475 4096
0.499164 4095
0.499164 4094
0.499164 4092
0.499164 4091
0.499058 4090
0.499058 4088
0.499058 4086
0.497601 4086
0.497601 4084
0.497601 4083
0.497601 4079
0.497599 4077
0.497599 4074
0.497599 4073
0.497599 4068
0.497599 4067
0.497599 4066
0.497599 4063
0.497599 4062
0.497599 4060
0.497599 4057
0.497599 4056
0.497599 4055
0.497599 4052
0.497599 4051
0.497599 4050
0.497599 4049
0.497538 4047
0.497538 4044
0.497538 4041
0.497538 4038
0.497538 4036
0.497538 4034
0.49744 4032
0.497416 4031
0.497384 4029
0.497384 4028
0.497384 4027
0.496775 4026
0.496775 4025
0.496775 4024
0.496775 4023
0.496775 4021
0.496775 4020
0.496775 4018
0.496775 4013
0.496775 4012
0.496775 4009
0.496771 4008
0.496771 4007
0.496512 4004
0.496512 3999
0.496512 3998
0.496512 3997
0.496512 3994
0.496512 3991
0.496512 3989
0.49635 3986
0.49635 3983
0.49635 3982
0.496211 3979
0.496211 3975
0.496211 3974
0.496091 3971
0.496091 3968
0.496091 3967
0.496091 3966
0.496091 3964
0.496091 3962
0.495864 3960
0.495864 3958
0.495864 3955
0.495864 3954
0.495864 3953
0.495864 3949
0.495864 3948
0.495864 3946
0.495864 3945
0.495864 3944
0.495864 3942
0.495864 3939
0.495864 3938
0.495864 3937
0.495864 3935
0.495864 3933
0.495864 3931
0.494675 3927
0.494675 3925
0.49377 3922
0.49377 3921
0.49377 3920
0.49377 3916
0.49377 3914
0.493216 3913
0.493216 3911
0.492499 3910
0.491968 3907
0.491968 3905
0.491941 3901
0.49152 3898
0.49152 3897
0.491327 3893
0.491327 3891
0.491327 3890
0.491327 3889
0.491327 3884
0.491047 3880
0.490918 3879
0.490786 3877
0.490786 3876
0.490637 3873
0.490637 3872
0.490637 3871
0.490637 3870
0.490637 3868
0.490637 3867
0.490637 3866
0.490637 3862
0.490637 3861
0.490637 3860
0.490637 3859
0.490637 3858
0.49051 3856
0.49051 3854
0.49051 3852
0.49051 3851
0.49051 3847
0.489745 3845
0.489745 3839
0.489745 3836
0.489745 3834
0.488888 3831
0.488888 3829
0.488888 3828
0.488888 3826
0.488882 3825
0.488882 3823
0.488882 3822
0.488882 3821
0.488882 3820
0.488882 3819
0.488882 3817
0.488882 3813
0.488843 3811
0.488843 3809
0.488843 3808
0.488843 3807
0.488843 3804
0.488082 3799
0.488082 3797
0.488082 3796
0.488082 3793
0.488082 3791
0.488082 3788
0.488082 3787
0.488082 3784
0.488082 3779
0.488082 3778
0.488082 3776
0.488082 3774
0.488082 3773
0.487267 3769
0.487267 3767
0.487267 3766
0.486922 3763
0.486922 3759
0.486922 3758
0.486922 3755
0.486631 3745
0.486631 3739
0.486631 3736
0.486631 3735
0.486631 3732
0.486567 3729
0.486567 3727
0.486567 3722
0.486567 3720
0.486286 3719
0.486286 3717
0.486286 3716
0.486268 3712
0.486268 3711
0.486268 3708
0.486268 3702
0.486268 3698
0.486268 3695
0.486268 3694
0.484951 3692
0.484951 3690
0.484951 3686
0.484868 3681
0.484868 3679
0.484868 3674
0.484868 3669
0.484868 3666
0.484453 3660
0.484078 3653
0.483635 3647
0.483635 3644
0.48211 3640
0.482083 3637
0.482083 3634
0.481956 3628
0.481956 3627
0.481956 3622
0.481956 3618
0.481956 3616
0.481956 3610
0.481846 3609
0.481846 3607
0.481846 3604
0.481846 3597
0.481846 3592
0.481528 3584
0.481528 3579
0.481528 3571
0.481528 3566
0.481528 3563
0.480726 3563
0.480726 3562
0.480492 3556
0.480492 3553
0.480492 3552
0.480492 3549
0.480492 3548
0.480492 3542
0.480492 3539
0.480492 3531
0.480492 3526
0.480492 3520
0.480393 3518
0.480393 3514
0.480393 3509
0.480393 3505
0.480387 3500
0.480387 3497
0.479643 3488
0.479096 3482
0.479096 3478
0.479096 3474
0.479096 3467
0.479096 3461
0.478881 3456
0.478881 3450
0.478881 3444
0.477443 3439
0.477342 3435
0.477291 3428
0.477291 3421
0.477291 3414
0.476825 3406
0.476825 3400
0.476087 3392
0.476087 3388
0.475236 3376
0.475236 3372
0.475151 3362
0.4747 3358
0.4747 3352
0.4747 3347
0.474452 3338
0.474452 3332
0.474452 3324
0.474391 3313
0.474391 3303
0.474391 3296
0.474391 3288
0.474345 3277
0.474122 3267
0.474122 3258
0.474122 3247
0.474008 3237
0.474008 3231
0.473745 3220
0.473704 3206
0.473446 3191
0.47259 3182
0.47259 3170
0.47259 3167
0.472465 3151
0.472255 3138
0.472189 3127
0.471007 3110
0.47012 3095
0.468529 3076
0.468465 3057
0.468465 3041
0.468089 3028
0.467509 3005
0.467186 2984
0.467186 2965
0.466961 2938
0.466722 2921
0.463284 2892
0.460753 2856
0.45915 2815
0.456577 2758
0.455112 2716
0.452976 2671
0.44666 2579
0.442521 2503
0.434128 2370
0.412782 2115
